{"object_poses": [[[0.009964588098227978, -0.6479932069778442, 0.7615808844566345, 0.0417618453502655], [-0.8538587689399719, 0.3908592462539673, 0.34373563528060913, 0.054839372634887695], [-0.5204092860221863, -0.6537078619003296, -0.5493999719619751, -0.7719383239746094], [0.0, 0.0, 0.0, 1.0]], [[-0.07554171979427338, -0.7029955983161926, 0.707170844078064, 0.03868207335472107], [-0.8083511590957642, 0.45841407775878906, 0.3693574368953705, 0.05394238233566284], [-0.5838337540626526, -0.543740451335907, -0.6028966903686523, -0.7814570069313049], [0.0, 0.0, 0.0, 1.0]], [[-0.14072243869304657, -0.7336226105690002, 0.6648271083831787, 0.0355902798473835], [-0.7658973932266235, 0.5061883330345154, 0.3964524269104004, 0.054030001163482666], [-0.6273742318153381, -0.4533995985984802, -0.6331116557121277, -0.7890632152557373], [0.0, 0.0, 0.0, 1.0]], [[-0.19443543255329132, -0.747852623462677, 0.6347530484199524, 0.033067360520362854], [-0.7304166555404663, 0.542310357093811, 0.41519981622695923, 0.0542529821395874], [-0.6547414064407349, -0.38290461897850037, -0.6516883373260498, -0.7951213121414185], [0.0, 0.0, 0.0, 1.0]], [[-0.24461320042610168, -0.7518338561058044, 0.6122991442680359, 0.03106859140098095], [-0.700553297996521, 0.5736249089241028, 0.4244754910469055, 0.053586989641189575], [-0.6703650951385498, -0.3251159191131592, -0.6670159101486206, -0.8003632426261902], [0.0, 0.0, 0.0, 1.0]], [[-0.28340986371040344, -0.7538952827453613, 0.5927232503890991, 0.029897285625338554], [-0.678554117679596, 0.5943970084190369, 0.43157440423965454, 0.05339363217353821], [-0.6776748299598694, -0.27988240122795105, -0.6800166964530945, -0.8048455715179443], [0.0, 0.0, 0.0, 1.0]], [[-0.323207288980484, -0.7534975409507751, 0.5725194215774536, 0.029131781309843063], [-0.6594317555427551, 0.613248348236084, 0.4348289966583252, 0.05299314856529236], [-0.6787392497062683, -0.23699751496315002, -0.6950865983963013, -0.8093120455741882], [0.0, 0.0, 0.0, 1.0]], [[-0.35978150367736816, -0.7524757385253906, 0.5516679286956787, 0.028938787057995796], [-0.6402459144592285, 0.6291974782943726, 0.4406764805316925, 0.05294816195964813], [-0.6787063479423523, -0.1946559101343155, -0.7081431150436401, -0.8133984804153442], [0.0, 0.0, 0.0, 1.0]], [[-0.3904130160808563, -0.7503272891044617, 0.5334665775299072, 0.028974482789635658], [-0.6228417158126831, 0.6419813632965088, 0.4471330940723419, 0.05340033769607544], [-0.6779718399047852, -0.15769866108894348, -0.717972993850708, -0.8171166181564331], [0.0, 0.0, 0.0, 1.0]], [[-0.4184364676475525, -0.7488712668418884, 0.5139094591140747, 0.029137318953871727], [-0.6088724732398987, 0.651141345500946, 0.4530887305736542, 0.05332803726196289], [-0.6739327311515808, -0.12331640720367432, -0.7284283638000488, -0.8209359645843506], [0.0, 0.0, 0.0, 1.0]], [[-0.4397212266921997, -0.7496615052223206, 0.49462395906448364, 0.029342643916606903], [-0.6012831926345825, 0.654813289642334, 0.45790618658065796, 0.053363919258117676], [-0.6671609878540039, -0.09605801105499268, -0.7386941909790039, -0.824500322341919], [0.0, 0.0, 0.0, 1.0]], [[-0.4554632008075714, -0.7524058222770691, 0.47585585713386536, 0.029701026156544685], [-0.5989251732826233, 0.6544392704963684, 0.4615168571472168, 0.053319960832595825], [-0.658666729927063, -0.0747980922460556, -0.7487078309059143, -0.8273427486419678], [0.0, 0.0, 0.0, 1.0]], [[-0.4688815474510193, -0.7554891705513, 0.4575873613357544, 0.030663035809993744], [-0.5929821133613586, 0.6532064080238342, 0.47084343433380127, 0.05323877930641174], [-0.654616117477417, -0.0505712628364563, -0.7542679309844971, -0.8298063278198242], [0.0, 0.0, 0.0, 1.0]], [[-0.48012056946754456, -0.7570928931236267, 0.44305160641670227, 0.031892936676740646], [-0.5868241786956787, 0.6526237726211548, 0.47929078340530396, 0.05296500027179718], [-0.6520136594772339, -0.02987605333328247, -0.7576185464859009, -0.8313345313072205], [0.0, 0.0, 0.0, 1.0]], [[-0.48228919506073, -0.7606945633888245, 0.43444332480430603, 0.03374691307544708], [-0.5847190022468567, 0.6488267779350281, 0.48695746064186096, 0.052746355533599854], [-0.6523043513298035, -0.019172921776771545, -0.7577147483825684, -0.8319824934005737], [0.0, 0.0, 0.0, 1.0]], [[-0.47781819105148315, -0.7638676762580872, 0.43381568789482117, 0.03601842746138573], [-0.5831288695335388, 0.6451472043991089, 0.4937061369419098, 0.052834659814834595], [-0.6570010781288147, -0.01706869900226593, -0.7536963224411011, -0.8316811323165894], [0.0, 0.0, 0.0, 1.0]], [[-0.47704756259918213, -0.766277551651001, 0.43040019273757935, 0.037599604576826096], [-0.5808422565460205, 0.642406702041626, 0.4999358355998993, 0.05359819531440735], [-0.6595816016197205, -0.011501431465148926, -0.7515449523925781, -0.8317269086837769], [0.0, 0.0, 0.0, 1.0]], [[-0.4824220836162567, -0.7664411067962646, 0.4240719676017761, 0.03731325641274452], [-0.5746148824691772, 0.6423137784004211, 0.5071989297866821, 0.05613718926906586], [-0.6611254215240479, 0.001005910336971283, -0.7502747774124146, -0.8314170241355896], [0.0, 0.0, 0.0, 1.0]], [[-0.49366623163223267, -0.7588762044906616, 0.4247358441352844, 0.03638317808508873], [-0.5629411339759827, 0.6511205434799194, 0.5090571641921997, 0.05873692035675049], [-0.6628656387329102, 0.012203127145767212, -0.7486388087272644, -0.8303625583648682], [0.0, 0.0, 0.0, 1.0]], [[-0.5076664686203003, -0.7480376362800598, 0.42745116353034973, 0.0361771434545517], [-0.5549896955490112, 0.663424551486969, 0.501850962638855, 0.06097257137298584], [-0.658984899520874, 0.01754187047481537, -0.7519515752792358, -0.8297669291496277], [0.0, 0.0, 0.0, 1.0]], [[-0.5316711664199829, -0.7326475977897644, 0.4249156713485718, 0.03665224090218544], [-0.5508605241775513, 0.6802181601524353, 0.48358654975891113, 0.062403663992881775], [-0.6433338522911072, 0.023039788007736206, -0.765238881111145, -0.8294647336006165], [0.0, 0.0, 0.0, 1.0]], [[-0.5650112628936768, -0.7164251804351807, 0.40926429629325867, 0.03770621865987778], [-0.5482763648033142, 0.6966819763183594, 0.4626306891441345, 0.0637785941362381], [-0.6165673732757568, 0.03700156509876251, -0.7864322066307068, -0.8279531002044678], [0.0, 0.0, 0.0, 1.0]], [[-0.5888963341712952, -0.7137770652770996, 0.37910884618759155, 0.039140067994594574], [-0.5382152795791626, 0.6962788105010986, 0.4748895764350891, 0.06560541689395905], [-0.6029307246208191, 0.07561857998371124, -0.7942017912864685, -0.8260069489479065], [0.0, 0.0, 0.0, 1.0]], [[-0.6041407585144043, -0.7197781205177307, 0.34195518493652344, 0.04001429304480553], [-0.5211398601531982, 0.6815026998519897, 0.5137772560119629, 0.06767204403877258], [-0.602849006652832, 0.1321873515844345, -0.7868286967277527, -0.8244311213493347], [0.0, 0.0, 0.0, 1.0]], [[-0.6180965900421143, -0.7304369211196899, 0.29054874181747437, 0.04144500195980072], [-0.5189310312271118, 0.6567623615264893, 0.5471506714820862, 0.06896558403968811], [-0.5904805064201355, 0.1874171793460846, -0.7849889993667603, -0.8223723769187927], [0.0, 0.0, 0.0, 1.0]], [[-0.6549476385116577, -0.723779559135437, 0.21722520887851715, 0.042810797691345215], [-0.5294701457023621, 0.6446272730827332, 0.5514681339263916, 0.06852148473262787], [-0.5391705632209778, 0.24616850912570953, -0.8054168224334717, -0.8195054531097412], [0.0, 0.0, 0.0, 1.0]], [[-0.6917276382446289, -0.7067926526069641, 0.14817921817302704, 0.04472539201378822], [-0.5278569459915161, 0.6348842978477478, 0.5641710758209229, 0.06832611560821533], [-0.4928286671638489, 0.3120352029800415, -0.812252402305603, -0.8164930939674377], [0.0, 0.0, 0.0, 1.0]], [[-0.7329039573669434, -0.6758145689964294, 0.07827198505401611, 0.04683154821395874], [-0.5240312218666077, 0.6341473460197449, 0.5685492753982544, 0.0680941790342331], [-0.4338698983192444, 0.3756750524044037, -0.8189170360565186, -0.8130212426185608], [0.0, 0.0, 0.0, 1.0]], [[-0.768921971321106, -0.6393324732780457, -0.0036357752978801727, 0.047910429537296295], [-0.5352935791015625, 0.6406646370887756, 0.5504630208015442, 0.06661780178546906], [-0.34959957003593445, 0.42520928382873535, -0.8348515629768372, -0.8099362850189209], [0.0, 0.0, 0.0, 1.0]], [[-0.7843775153160095, -0.615500807762146, -0.07688052207231522, 0.047966938465833664], [-0.5545338988304138, 0.6402916312217712, 0.5315248966217041, 0.06464409828186035], [-0.27792805433273315, 0.4595490097999573, -0.843546450138092, -0.8073396682739258], [0.0, 0.0, 0.0, 1.0]], [[-0.8045084476470947, -0.5725216865539551, -0.15806734561920166, 0.046914681792259216], [-0.5651670694351196, 0.6560938358306885, 0.5001271963119507, 0.06258931756019592], [-0.18262657523155212, 0.4916909337043762, -0.8514034152030945, -0.8053702116012573], [0.0, 0.0, 0.0, 1.0]], [[-0.8113563060760498, -0.5380116701126099, -0.22857071459293365, 0.0458369180560112], [-0.5749790668487549, 0.6640534400939941, 0.47794583439826965, 0.06094039976596832], [-0.10535725206136703, 0.5192076563835144, -0.8481293320655823, -0.8035147786140442], [0.0, 0.0, 0.0, 1.0]], [[-0.8114660978317261, -0.511457622051239, -0.2827256917953491, 0.045143865048885345], [-0.5825905799865723, 0.6699503064155579, 0.4601682424545288, 0.059191226959228516], [-0.04594438523054123, 0.5381243228912354, -0.8416123390197754, -0.8009389638900757], [0.0, 0.0, 0.0, 1.0]], [[-0.8090457916259766, -0.476174920797348, -0.3445321321487427, 0.044480931013822556], [-0.586906909942627, 0.6858349442481995, 0.4303146302700043, 0.056951627135276794], [0.03138711303472519, 0.5503525733947754, -0.8343421816825867, -0.7977846264839172], [0.0, 0.0, 0.0, 1.0]], [[-0.7920970916748047, -0.43319886922836304, -0.43002429604530334, 0.04396028071641922], [-0.5949194431304932, 0.7055328488349915, 0.38508981466293335, 0.0541294664144516], [0.1365758180618286, 0.5608583688735962, -0.8165689706802368, -0.7933788299560547], [0.0, 0.0, 0.0, 1.0]], [[-0.7542781233787537, -0.3781762719154358, -0.5367004871368408, 0.04324526712298393], [-0.6028447151184082, 0.722740650177002, 0.3379708528518677, 0.05161289870738983], [0.2600826621055603, 0.5784710049629211, -0.7731289267539978, -0.7887684106826782], [0.0, 0.0, 0.0, 1.0]], [[-0.6899538636207581, -0.3083045482635498, -0.6549139022827148, 0.0424279049038887], [-0.6037795543670654, 0.7441715002059937, 0.28576067090034485, 0.04881426692008972], [0.39926689863204956, 0.5925852060317993, -0.6995919942855835, -0.7833475470542908], [0.0, 0.0, 0.0, 1.0]], [[-0.5945886373519897, -0.23214732110500336, -0.769787073135376, 0.042738959193229675], [-0.596171498298645, 0.7696932554244995, 0.22836780548095703, 0.04672282934188843], [0.5394849181175232, 0.5947098731994629, -0.596050500869751, -0.7783909440040588], [0.0, 0.0, 0.0, 1.0]], [[-0.4772633910179138, -0.15966050326824188, -0.8641344308853149, 0.04321004077792168], [-0.5743287205696106, 0.8009443283081055, 0.16921775043010712, 0.04451192915439606], [0.6651061773300171, 0.5770586729049683, -0.4739590585231781, -0.7743194103240967], [0.0, 0.0, 0.0, 1.0]], [[-0.3517656624317169, -0.09983301162719727, -0.9307493567466736, 0.04396652802824974], [-0.5461419224739075, 0.8294191360473633, 0.11744363605976105, 0.04214639961719513], [0.7602565288543701, 0.5496338605880737, -0.3462841510772705, -0.7716692090034485], [0.0, 0.0, 0.0, 1.0]], [[-0.21626883745193481, -0.04921353980898857, -0.9750927686691284, 0.044178206473588943], [-0.5175985097885132, 0.8526084423065186, 0.07176809757947922, 0.03947138786315918], [0.827840268611908, 0.5202277898788452, -0.20986546576023102, -0.770304799079895], [0.0, 0.0, 0.0, 1.0]], [[-0.0686625987291336, -0.006252184510231018, -0.9976204037666321, 0.04299311339855194], [-0.48127251863479614, 0.8761353492736816, 0.027633415535092354, 0.03665931522846222], [0.8738776445388794, 0.48202458024024963, -0.06316671520471573, -0.7696782946586609], [0.0, 0.0, 0.0, 1.0]], [[0.0769304409623146, 0.013314266689121723, -0.9969475269317627, 0.04126869887113571], [-0.44206374883651733, 0.8967103958129883, -0.02213669940829277, 0.03313814103603363], [0.8936785459518433, 0.4424173831939697, 0.0748700499534607, -0.7700828909873962], [0.0, 0.0, 0.0, 1.0]], [[0.18110232055187225, 0.022524703294038773, -0.9832063913345337, 0.038784582167863846], [-0.41128936409950256, 0.9098492860794067, -0.05491356551647186, 0.029672011733055115], [0.8933326005935669, 0.4143272042274475, 0.17403997480869293, -0.7713003754615784], [0.0, 0.0, 0.0, 1.0]], [[0.255646288394928, 0.023363959044218063, -0.9664880633354187, 0.03533490002155304], [-0.3865916132926941, 0.9187706112861633, -0.080047108232975, 0.02645723521709442], [0.8861105442047119, 0.3940998911857605, 0.24391260743141174, -0.7732763886451721], [0.0, 0.0, 0.0, 1.0]], [[0.31403717398643494, 0.004960938356816769, -0.9493976831436157, 0.031781382858753204], [-0.3564547896385193, 0.9274466633796692, -0.11306013911962509, 0.023081809282302856], [0.8799548149108887, 0.3739224374294281, 0.2930210530757904, -0.7761426568031311], [0.0, 0.0, 0.0, 1.0]], [[0.3389895260334015, -0.014316174201667309, -0.9406812787055969, 0.027623865753412247], [-0.3339790105819702, 0.9329274296760559, -0.13455283641815186, 0.020514801144599915], [0.879513680934906, 0.3597797751426697, 0.3114713430404663, -0.7795872688293457], [0.0, 0.0, 0.0, 1.0]], [[0.34752747416496277, -0.03586630895733833, -0.9369836449623108, 0.023210737854242325], [-0.32193246483802795, 0.9339626431465149, -0.15515552461147308, 0.018176212906837463], [0.8806725740432739, 0.35556626319885254, 0.3130311667919159, -0.7828850746154785], [0.0, 0.0, 0.0, 1.0]], [[0.35224711894989014, -0.06251949071884155, -0.9338166117668152, 0.01940903253853321], [-0.31336313486099243, 0.9322978258132935, -0.18062223494052887, 0.0160101056098938], [0.8818875551223755, 0.35624727606773376, 0.308807909488678, -0.7862995862960815], [0.0, 0.0, 0.0, 1.0]], [[0.3437890410423279, -0.07859009504318237, -0.9357525110244751, 0.01591361314058304], [-0.31056100130081177, 0.9309027194976807, -0.19228075444698334, 0.014780044555664062], [0.8862059116363525, 0.3567122220993042, 0.2956271469593048, -0.78922039270401], [0.0, 0.0, 0.0, 1.0]], [[0.3506929576396942, -0.06567039340734482, -0.9341851472854614, 0.014656362123787403], [-0.306074857711792, 0.9347185492515564, -0.1806083619594574, 0.015549272298812866], [0.8850607872009277, 0.34926867485046387, 0.30769917368888855, -0.7903966307640076], [0.0, 0.0, 0.0, 1.0]], [[0.3684763014316559, -0.050703756511211395, -0.9282534122467041, 0.015254867263138294], [-0.3100159466266632, 0.9346517324447632, -0.1741161346435547, 0.01709035038948059], [0.8764218688011169, 0.35193103551864624, 0.32867807149887085, -0.7904451489448547], [0.0, 0.0, 0.0, 1.0]], [[0.3837175965309143, -0.03991806507110596, -0.9225873947143555, 0.015813350677490234], [-0.31444671750068665, 0.9337129592895508, -0.17118243873119354, 0.018915146589279175], [0.8682650327682495, 0.35579025745391846, 0.3457299768924713, -0.7895261645317078], [0.0, 0.0, 0.0, 1.0]], [[0.40040165185928345, -0.017606277018785477, -0.916170597076416, 0.015767348930239677], [-0.3308233618736267, 0.9296058416366577, -0.16244694590568542, 0.020849421620368958], [0.8545374870300293, 0.36813467741012573, 0.3663910925388336, -0.7873508334159851], [0.0, 0.0, 0.0, 1.0]], [[0.4188481271266937, 0.014048321172595024, -0.9079476594924927, 0.014725185930728912], [-0.35518187284469604, 0.9227533936500549, -0.1495726853609085, 0.02264145016670227], [0.8357105255126953, 0.38513481616973877, 0.39148327708244324, -0.7853342294692993], [0.0, 0.0, 0.0, 1.0]], [[0.43916887044906616, 0.0536276251077652, -0.8968026041984558, 0.01347534079104662], [-0.38979750871658325, 0.9107393026351929, -0.13642480969429016, 0.024276867508888245], [0.8094372749328613, 0.40948486328125, 0.4208722710609436, -0.7837145328521729], [0.0, 0.0, 0.0, 1.0]], [[0.46205729246139526, 0.09738399088382721, -0.8814870715141296, 0.012659192085266113], [-0.4360812306404114, 0.8904369473457336, -0.1302119940519333, 0.02590860426425934], [0.7722281217575073, 0.4445652961730957, 0.45390018820762634, -0.7835273146629333], [0.0, 0.0, 0.0, 1.0]], [[0.4978681802749634, 0.14813153445720673, -0.8545082807540894, 0.011314578354358673], [-0.4939623177051544, 0.8582987785339355, -0.1390121579170227, 0.028348132967948914], [0.7128313183784485, 0.4913046360015869, 0.5004910230636597, -0.7856320738792419], [0.0, 0.0, 0.0, 1.0]], [[0.5324114561080933, 0.22081829607486725, -0.8171764612197876, 0.008162313140928745], [-0.5676692724227905, 0.809257984161377, -0.15117247402668, 0.03140383958816528], [0.6279249787330627, 0.5443719029426575, 0.5562098622322083, -0.7897098660469055], [0.0, 0.0, 0.0, 1.0]], [[0.5628666877746582, 0.3056955337524414, -0.7679397463798523, 0.0031559087801724672], [-0.6378605365753174, 0.7515236139297485, -0.16836348176002502, 0.03466007113456726], [0.5256569385528564, 0.5846045613288879, 0.6179987192153931, -0.7942034006118774], [0.0, 0.0, 0.0, 1.0]], [[0.5822936296463013, 0.40916508436203003, -0.7025085091590881, -0.0038714217953383923], [-0.7108895182609558, 0.6754962801933289, -0.19580821692943573, 0.03847573697566986], [0.3944239616394043, 0.6134237051010132, 0.6842083930969238, -0.7985333800315857], [0.0, 0.0, 0.0, 1.0]], [[0.5739874243736267, 0.5269951820373535, -0.6267491579055786, -0.011989105492830276], [-0.7836233377456665, 0.5756240487098694, -0.2336481660604477, 0.04313884675502777], [0.23764045536518097, 0.6252463459968567, 0.7433667182922363, -0.8017552495002747], [0.0, 0.0, 0.0, 1.0]], [[0.5521634817123413, 0.6294731497764587, -0.5466983914375305, -0.019563352689146996], [-0.8300104737281799, 0.47694072127342224, -0.28915417194366455, 0.04779095947742462], [0.07872790098190308, 0.6134257912635803, 0.7858185768127441, -0.8029811978340149], [0.0, 0.0, 0.0, 1.0]], [[0.5027472376823425, 0.7255752086639404, -0.4698784649372101, -0.02606092020869255], [-0.8605397939682007, 0.3685533404350281, -0.35162442922592163, 0.05263446271419525], [-0.0819547027349472, 0.5811273455619812, 0.8096754550933838, -0.8020748496055603], [0.0, 0.0, 0.0, 1.0]], [[0.43981608748435974, 0.8028135895729065, -0.40255701541900635, -0.030555767938494682], [-0.8668457269668579, 0.26228174567222595, -0.42401278018951416, 0.05725617706775665], [-0.2348199188709259, 0.5354424118995667, 0.8112712502479553, -0.7994222640991211], [0.0, 0.0, 0.0, 1.0]], [[0.36915600299835205, 0.8611631989479065, -0.3494592607021332, -0.032581280916929245], [-0.8512574434280396, 0.16242489218711853, -0.4989778399467468, 0.06098493933677673], [-0.3729405105113983, 0.4816804528236389, 0.7930316925048828, -0.7955235838890076], [0.0, 0.0, 0.0, 1.0]], [[0.2933192551136017, 0.9021167159080505, -0.3164637088775635, -0.032096441835165024], [-0.8192248940467834, 0.06655175983905792, -0.5695975422859192, 0.06394706666469574], [-0.49278226494789124, 0.4263288974761963, 0.7585573792457581, -0.7917228937149048], [0.0, 0.0, 0.0, 1.0]], [[0.20584432780742645, 0.9292183518409729, -0.30689001083374023, -0.029370339587330818], [-0.7774104475975037, -0.03519505634903908, -0.6280081868171692, 0.06626760959625244], [-0.5943577289581299, 0.36785146594047546, 0.7151393294334412, -0.7880754470825195], [0.0, 0.0, 0.0, 1.0]], [[0.10644916445016861, 0.9437377452850342, -0.31309354305267334, -0.025242701172828674], [-0.7255889773368835, -0.1415664553642273, -0.6734088659286499, 0.06736193597316742], [-0.6798449158668518, 0.2988610565662384, 0.6696960926055908, -0.7847998738288879], [0.0, 0.0, 0.0, 1.0]], [[0.00938291847705841, 0.9454032182693481, -0.32576802372932434, -0.02045578695833683], [-0.6678584814071655, -0.2365425080060959, -0.7057002186775208, 0.0666278600692749], [-0.7442291975021362, 0.2241884171962738, 0.629176139831543, -0.7824743986129761], [0.0, 0.0, 0.0, 1.0]], [[-0.08400527387857437, 0.9347516298294067, -0.34522852301597595, -0.015600201673805714], [-0.6053316593170166, -0.32307103276252747, -0.7274605631828308, 0.06485462188720703], [-0.7915281057357788, 0.14786720275878906, 0.5929744243621826, -0.7810570597648621], [0.0, 0.0, 0.0, 1.0]], [[-0.1671188473701477, 0.9137948751449585, -0.37020301818847656, -0.011503076180815697], [-0.54352867603302, -0.39866146445274353, -0.7386783361434937, 0.06235384941101074], [-0.8225860595703125, 0.0777689591050148, 0.5632975697517395, -0.7809608578681946], [0.0, 0.0, 0.0, 1.0]], [[-0.24307826161384583, 0.8837404251098633, -0.3998948931694031, -0.007865743711590767], [-0.48126786947250366, -0.4678168296813965, -0.741301953792572, 0.05947315692901611], [-0.842195987701416, 0.01226215809583664, 0.539031982421875, -0.7820449471473694], [0.0, 0.0, 0.0, 1.0]], [[-0.30551350116729736, 0.8511954545974731, -0.42676442861557007, -0.0043565272353589535], [-0.4220377504825592, -0.5228146314620972, -0.7406409382820129, 0.056115373969078064], [-0.8535488247871399, -0.04616512358188629, 0.5189635753631592, -0.7840580344200134], [0.0, 0.0, 0.0, 1.0]], [[-0.3587934672832489, 0.8123611211776733, -0.4597136974334717, -0.0007417742162942886], [-0.3569912910461426, -0.5744889974594116, -0.7365593910217285, 0.0531795471906662], [-0.8624526262283325, -0.10015890002250671, 0.49612876772880554, -0.7869151830673218], [0.0, 0.0, 0.0, 1.0]], [[-0.4098266363143921, 0.7761784195899963, -0.47915464639663696, 0.0005406502168625593], [-0.2724352180957794, -0.6054733991622925, -0.7477839589118958, 0.05188092589378357], [-0.8705292344093323, -0.1759231835603714, 0.45959746837615967, -0.7839409112930298], [0.0, 0.0, 0.0, 1.0]], [[-0.4581189751625061, 0.7321885824203491, -0.5040106177330017, 0.0025808385107666254], [-0.18476742506027222, -0.6330646276473999, -0.7517246603965759, 0.05037401616573334], [-0.8694757223129272, -0.2512545585632324, 0.42530351877212524, -0.7803700566291809], [0.0, 0.0, 0.0, 1.0]], [[-0.4972517788410187, 0.6900712251663208, -0.5258729457855225, 0.004624033346772194], [-0.12928901612758636, -0.6582884788513184, -0.7415797710418701, 0.04959782958030701], [-0.857918918132782, -0.30076223611831665, 0.4165537655353546, -0.7801508903503418], [0.0, 0.0, 0.0, 1.0]], [[-0.49018627405166626, 0.6797775030136108, -0.5455459356307983, 0.0034422839526087046], [-0.11701074242591858, -0.6715565323829651, -0.7316560745239258, 0.049864739179611206], [-0.8637279868125916, -0.29481297731399536, 0.40872904658317566, -0.7827050685882568], [0.0, 0.0, 0.0, 1.0]], [[-0.4869692325592041, 0.6713194251060486, -0.5587408542633057, 0.0012766830623149872], [-0.11154045909643173, -0.6822776198387146, -0.7225343585014343, 0.051132932305336], [-0.866267740726471, -0.2895297110080719, 0.4071274697780609, -0.7846139669418335], [0.0, 0.0, 0.0, 1.0]], [[-0.48481783270835876, 0.6589322686195374, -0.575117290019989, 0.001037477981299162], [-0.1051347404718399, -0.6967048048973083, -0.7096118927001953, 0.052686452865600586], [-0.868273138999939, -0.28356772661209106, 0.40705159306526184, -0.7865184545516968], [0.0, 0.0, 0.0, 1.0]], [[-0.4758116602897644, 0.6470235586166382, -0.5957885384559631, 0.0013720798306167126], [-0.0959070697426796, -0.7115087509155273, -0.6961014270782471, 0.055684566497802734], [-0.8743026852607727, -0.2740728259086609, 0.40059828758239746, -0.7875533103942871], [0.0, 0.0, 0.0, 1.0]], [[-0.4620348811149597, 0.6273794174194336, -0.6268324255943298, 0.003995081875473261], [-0.0685027688741684, -0.7299332022666931, -0.6800771951675415, 0.05902276933193207], [-0.8842121958732605, -0.27127957344055176, 0.3802317976951599, -0.7881788611412048], [0.0, 0.0, 0.0, 1.0]], [[-0.4325579106807709, 0.6054173111915588, -0.6681045889854431, 0.007116866763681173], [-0.01439143717288971, -0.7455577850341797, -0.6662856340408325, 0.06188786029815674], [-0.9014913439750671, -0.2785921096801758, 0.33120977878570557, -0.7877567410469055], [0.0, 0.0, 0.0, 1.0]], [[-0.39124345779418945, 0.581353485584259, -0.7134120464324951, 0.01023971475660801], [0.06501075625419617, -0.7558099031448364, -0.6515558362007141, 0.06348827481269836], [-0.917988121509552, -0.3012963831424713, 0.25791144371032715, -0.7855088114738464], [0.0, 0.0, 0.0, 1.0]], [[-0.31838592886924744, 0.5705426335334778, -0.7570413947105408, 0.013542063534259796], [0.13802805542945862, -0.762187123298645, -0.6324706077575684, 0.06468264758586884], [-0.9378585815429688, -0.3058626651763916, 0.16391876339912415, -0.7847157120704651], [0.0, 0.0, 0.0, 1.0]], [[-0.21865585446357727, 0.5664945244789124, -0.7945273518562317, 0.016262851655483246], [0.2275601178407669, -0.762177586555481, -0.6060543060302734, 0.06497006118297577], [-0.9488973021507263, -0.3133200407028198, 0.03774304687976837, -0.7842717170715332], [0.0, 0.0, 0.0, 1.0]], [[-0.09170753508806229, 0.5700412392616272, -0.81648188829422, 0.01803426817059517], [0.30876538157463074, -0.7632466554641724, -0.567554771900177, 0.06538127362728119], [-0.9467066526412964, -0.30415043234825134, -0.10601353645324707, -0.7847875356674194], [0.0, 0.0, 0.0, 1.0]], [[0.0467461422085762, 0.5755121111869812, -0.8164562582969666, 0.019203288480639458], [0.3677416145801544, -0.7698612213134766, -0.5216127634048462, 0.0661841630935669], [-0.9287523031234741, -0.27586156129837036, -0.24762779474258423, -0.7866213917732239], [0.0, 0.0, 0.0, 1.0]], [[0.19802360236644745, 0.5717923641204834, -0.7961408495903015, 0.021031508222222328], [0.4084433913230896, -0.7864851355552673, -0.46326571702957153, 0.06785884499549866], [-0.8910446763038635, -0.23344087600708008, -0.38928744196891785, -0.7898898124694824], [0.0, 0.0, 0.0, 1.0]], [[0.3354935944080353, 0.5662707090377808, -0.7528491020202637, 0.02312265709042549], [0.43861547112464905, -0.8011555075645447, -0.4071442484855652, 0.06834252178668976], [-0.8337029218673706, -0.19361694157123566, -0.5171576738357544, -0.7924063205718994], [0.0, 0.0, 0.0, 1.0]], [[0.4599069654941559, 0.5587958693504333, -0.6900961995124817, 0.024234650656580925], [0.46311068534851074, -0.81404048204422, -0.35052311420440674, 0.06779852509498596], [-0.7576371431350708, -0.15838289260864258, -0.6331672668457031, -0.7936167120933533], [0.0, 0.0, 0.0, 1.0]], [[0.5728451013565063, 0.5507107377052307, -0.6070965528488159, 0.02409415692090988], [0.49149027466773987, -0.8235241770744324, -0.283275842666626, 0.06672532856464386], [-0.6559616923332214, -0.1361088901758194, -0.7424207925796509, -0.7950567603111267], [0.0, 0.0, 0.0, 1.0]], [[0.6666572093963623, 0.5505295395851135, -0.5024792551994324, 0.022766511887311935], [0.5288476943969727, -0.8244214653968811, -0.2016168236732483, 0.06595347821712494], [-0.5252506732940674, -0.13132570683956146, -0.8407527804374695, -0.7961953282356262], [0.0, 0.0, 0.0, 1.0]], [[0.7461110949516296, 0.5476207733154297, -0.37872108817100525, 0.021226799115538597], [0.5516791939735413, -0.8269222974777222, -0.10885536670684814, 0.06591497361660004], [-0.3727843761444092, -0.1277143657207489, -0.9190868139266968, -0.7986273765563965], [0.0, 0.0, 0.0, 1.0]], [[0.7982673048973083, 0.5460039377212524, -0.25426188111305237, 0.01930011436343193], [0.5610747933387756, -0.8276160359382629, -0.01570846140384674, 0.06588900089263916], [-0.21900808811187744, -0.13012033700942993, -0.9670078754425049, -0.8015750050544739], [0.0, 0.0, 0.0, 1.0]], [[0.8247859477996826, 0.5505535006523132, -0.12891438603401184, 0.01698535867035389], [0.5619857311248779, -0.8233316540718079, 0.07935371994972229, 0.06550638377666473], [-0.062450796365737915, -0.13789786398410797, -0.9884756207466125, -0.8046243190765381], [0.0, 0.0, 0.0, 1.0]], [[0.8369632363319397, 0.5472180247306824, -0.006714277435094118, 0.01557593047618866], [0.539758026599884, -0.8234045505523682, 0.17511767148971558, 0.06544940173625946], [0.09029897302389145, -0.15019108355045319, -0.9845246076583862, -0.8075297474861145], [0.0, 0.0, 0.0, 1.0]], [[0.8313939571380615, 0.546139121055603, 0.1025497242808342, 0.015564892441034317], [0.5072441697120667, -0.821243166923523, 0.26127195358276367, 0.06565260887145996], [0.2269090712070465, -0.16520211100578308, -0.9598023891448975, -0.8093037605285645], [0.0, 0.0, 0.0, 1.0]], [[0.8010011315345764, 0.5648288726806641, 0.19840781390666962, 0.015095539391040802], [0.4821617603302002, -0.805107593536377, 0.3454298675060272, 0.0643140971660614], [0.3548484444618225, -0.18102502822875977, -0.9172309637069702, -0.8101814985275269], [0.0, 0.0, 0.0, 1.0]], [[0.7636781930923462, 0.5794508457183838, 0.2846618890762329, 0.014637833461165428], [0.4462270736694336, -0.7924103736877441, 0.4158932566642761, 0.06359916925430298], [0.46655869483947754, -0.19058473408222198, -0.8637132048606873, -0.8109802603721619], [0.0, 0.0, 0.0, 1.0]], [[0.729523777961731, 0.5870522856712341, 0.3509483337402344, 0.014150228351354599], [0.4037052392959595, -0.7837913036346436, 0.471903920173645, 0.062458500266075134], [0.5521025061607361, -0.20258542895317078, -0.8087904453277588, -0.8107484579086304], [0.0, 0.0, 0.0, 1.0]], [[0.7041046619415283, 0.5936897993087769, 0.3895755708217621, 0.012691664509475231], [0.36480265855789185, -0.7731172442436218, 0.5188533663749695, 0.06082099676132202], [0.6092255115509033, -0.22320881485939026, -0.7609350681304932, -0.8094775676727295], [0.0, 0.0, 0.0, 1.0]], [[0.6885400414466858, 0.5912896394729614, 0.41986793279647827, 0.012150919064879417], [0.33185333013534546, -0.7716934680938721, 0.5425517559051514, 0.05928272008895874], [0.6448146104812622, -0.234234020113945, -0.7275633215904236, -0.8094898462295532], [0.0, 0.0, 0.0, 1.0]], [[0.6863032579421997, 0.5828167796134949, 0.43510082364082336, 0.012664461508393288], [0.3106793165206909, -0.7758210301399231, 0.5491631031036377, 0.057694822549819946], [0.6576218008995056, -0.24171556532382965, -0.7135176062583923, -0.8103170990943909], [0.0, 0.0, 0.0, 1.0]], [[0.6968569755554199, 0.5789475440979004, 0.423332154750824, 0.01260443963110447], [0.3076297640800476, -0.7744731903076172, 0.5527704954147339, 0.05669049918651581], [0.6478846073150635, -0.25497233867645264, -0.7177985906600952, -0.8108187317848206], [0.0, 0.0, 0.0, 1.0]], [[0.7069131135940552, 0.5811953544616699, 0.40309539437294006, 0.011993498541414738], [0.30427810549736023, -0.7643662691116333, 0.56847083568573, 0.0574096143245697], [0.6385051012039185, -0.27920642495155334, -0.7171854972839355, -0.8107074499130249], [0.0, 0.0, 0.0, 1.0]], [[0.7038950324058533, 0.593643307685852, 0.3900248408317566, 0.011828466318547726], [0.29057133197784424, -0.7417054772377014, 0.6045173406600952, 0.06026719510555267], [0.6481512188911438, -0.31218671798706055, -0.6945785284042358, -0.8087694644927979], [0.0, 0.0, 0.0, 1.0]], [[0.688822329044342, 0.6169859170913696, 0.3805946409702301, 0.011520830914378166], [0.2713475227355957, -0.7062827348709106, 0.6538617610931396, 0.06480936706066132], [0.6722308993339539, -0.3471211791038513, -0.6539209485054016, -0.8055722713470459], [0.0, 0.0, 0.0, 1.0]], [[0.6732354164123535, 0.6437429785728455, 0.36379820108413696, 0.010717509314417839], [0.24794986844062805, -0.6600537300109863, 0.7091191411018372, 0.07012557983398438], [0.6966167688369751, -0.38720041513442993, -0.6039875149726868, -0.8012122511863708], [0.0, 0.0, 0.0, 1.0]], [[0.6643792390823364, 0.6597720980644226, 0.35114264488220215, 0.009539083577692509], [0.2116609811782837, -0.6166801452636719, 0.75822514295578, 0.07438622415065765], [0.7167983651161194, -0.4294257164001465, -0.5493574142456055, -0.7960212826728821], [0.0, 0.0, 0.0, 1.0]], [[0.663747251033783, 0.6672790050506592, 0.3379029631614685, 0.008200818672776222], [0.17474448680877686, -0.5776095390319824, 0.7973904609680176, 0.07767036557197571], [0.7272579073905945, -0.4702189564704895, -0.4999900460243225, -0.7913424968719482], [0.0, 0.0, 0.0, 1.0]], [[0.6590175628662109, 0.6800733804702759, 0.32124167680740356, 0.006376123521476984], [0.16189666092395782, -0.5453633069992065, 0.8224162459373474, 0.08008165657520294], [0.7344968318939209, -0.4899786710739136, -0.46950554847717285, -0.7874491810798645], [0.0, 0.0, 0.0, 1.0]], [[0.6517479419708252, 0.6871919631958008, 0.3209235966205597, 0.004719940014183521], [0.140191450715065, -0.5250017642974854, 0.8394758105278015, 0.08112397789955139], [0.7453665137290955, -0.5021357536315918, -0.43850719928741455, -0.783784031867981], [0.0, 0.0, 0.0, 1.0]], [[0.6417925357818604, 0.6933547854423523, 0.3276609182357788, 0.003642542287707329], [0.12048829346895218, -0.5131270885467529, 0.8498135805130005, 0.08152061700820923], [0.7573540806770325, -0.5059245824813843, -0.41286224126815796, -0.7804567813873291], [0.0, 0.0, 0.0, 1.0]], [[0.6316108703613281, 0.6981378793716431, 0.3371516764163971, 0.003043652046471834], [0.10072386264801025, -0.5050808191299438, 0.8571743965148926, 0.08122389018535614], [0.7687148451805115, -0.5074414610862732, -0.38933372497558594, -0.7774828672409058], [0.0, 0.0, 0.0, 1.0]], [[0.626476526260376, 0.6961516737937927, 0.35057100653648376, 0.003469778224825859], [0.0707683339715004, -0.49871712923049927, 0.8638710379600525, 0.08003783226013184], [0.7762210369110107, -0.5163854956626892, -0.36170005798339844, -0.7747393846511841], [0.0, 0.0, 0.0, 1.0]], [[0.6274569630622864, 0.6873504519462585, 0.3658512532711029, 0.0047556678764522076], [0.03291889280080795, -0.49284887313842773, 0.8694920539855957, 0.0783178061246872], [0.7779551148414612, -0.5335253477096558, -0.3318682909011841, -0.7722916603088379], [0.0, 0.0, 0.0, 1.0]], [[0.6347790360450745, 0.6747344732284546, 0.3765489161014557, 0.006627017632126808], [9.12398099899292e-05, -0.4873851239681244, 0.8731871843338013, 0.07593375444412231], [0.7726938128471375, -0.5542463660240173, -0.3094434142112732, -0.7706371545791626], [0.0, 0.0, 0.0, 1.0]], [[0.6510667204856873, 0.6542985439300537, 0.3847149610519409, 0.00966067798435688], [-0.03888535499572754, -0.47743868827819824, 0.877804160118103, 0.07304112613201141], [0.7580238580703735, -0.5864688158035278, -0.2854017913341522, -0.769700288772583], [0.0, 0.0, 0.0, 1.0]], [[0.6671005487442017, 0.6365216374397278, 0.387062132358551, 0.01350404229015112], [-0.06612029671669006, -0.4669284522533417, 0.8818196654319763, 0.0698939859867096], [0.7420276403427124, -0.6138550043106079, -0.2694012522697449, -0.769320547580719], [0.0, 0.0, 0.0, 1.0]], [[0.6848334074020386, 0.6137394309043884, 0.3928452432155609, 0.018059764057397842], [-0.09865762293338776, -0.4560493230819702, 0.8844692707061768, 0.06612947583198547], [0.7219904065132141, -0.6444711685180664, -0.25176775455474854, -0.7692398428916931], [0.0, 0.0, 0.0, 1.0]], [[0.7039774060249329, 0.58701491355896, 0.3997865319252014, 0.023212455213069916], [-0.12988871335983276, -0.44699761271476746, 0.885054886341095, 0.06175076961517334], [0.6982439160346985, -0.6749864220619202, -0.23842962086200714, -0.7693964838981628], [0.0, 0.0, 0.0, 1.0]], [[0.7222792506217957, 0.5589578747749329, 0.4072825312614441, 0.028470488265156746], [-0.15628281235694885, -0.44175320863723755, 0.8834195733070374, 0.057009994983673096], [0.673712432384491, -0.7017267346382141, -0.2317136824131012, -0.7694833278656006], [0.0, 0.0, 0.0, 1.0]], [[0.7353415489196777, 0.544689953327179, 0.40321943163871765, 0.03276372700929642], [-0.16514436900615692, -0.4330260157585144, 0.8861241936683655, 0.05345417559146881], [0.6572673320770264, -0.7181931138038635, -0.22846952080726624, -0.7683185935020447], [0.0, 0.0, 0.0, 1.0]], [[0.7482866644859314, 0.5372905135154724, 0.3890835642814636, 0.03448541834950447], [-0.17151637375354767, -0.40987956523895264, 0.8958687782287598, 0.052320390939712524], [0.6408191323280334, -0.7371009588241577, -0.21455328166484833, -0.7656702995300293], [0.0, 0.0, 0.0, 1.0]], [[0.7651052474975586, 0.5301716923713684, 0.3654201626777649, 0.035600874572992325], [-0.16891244053840637, -0.3823765516281128, 0.9084364175796509, 0.05217413604259491], [0.6213553547859192, -0.7567735314369202, -0.20300574600696564, -0.7640600800514221], [0.0, 0.0, 0.0, 1.0]], [[0.7749446630477905, 0.5313382148742676, 0.34225815534591675, 0.036758020520210266], [-0.1458539068698883, -0.37656211853027344, 0.9148375988006592, 0.05243536829948425], [0.6149695515632629, -0.7588680386543274, -0.21431703865528107, -0.7640067338943481], [0.0, 0.0, 0.0, 1.0]], [[0.77653568983078, 0.5345590114593506, 0.33352532982826233, 0.03792065009474754], [-0.12403807789087296, -0.38928794860839844, 0.9127264618873596, 0.053326234221458435], [0.6177434325218201, -0.7501343488693237, -0.23599030077457428, -0.7648475766181946], [0.0, 0.0, 0.0, 1.0]], [[0.7823195457458496, 0.5259113907814026, 0.3337569236755371, 0.04001285880804062], [-0.10712272673845291, -0.41424834728240967, 0.9038379788398743, 0.055101096630096436], [0.6135969161987305, -0.7428428530693054, -0.2677374482154846, -0.7656959891319275], [0.0, 0.0, 0.0, 1.0]], [[0.806327223777771, 0.4936896860599518, 0.32574066519737244, 0.04254383593797684], [-0.08610808849334717, -0.44688183069229126, 0.8904393315315247, 0.05715422332286835], [0.585168182849884, -0.7460343837738037, -0.31782233715057373, -0.7660407423973083], [0.0, 0.0, 0.0, 1.0]], [[0.8441215753555298, 0.44566941261291504, 0.29805609583854675, 0.04579012468457222], [-0.04675242304801941, -0.49261462688446045, 0.8689907193183899, 0.05993629992008209], [0.5341094732284546, -0.7474687099456787, -0.3949905037879944, -0.766511082649231], [0.0, 0.0, 0.0, 1.0]], [[0.8823246359825134, 0.391108900308609, 0.26179617643356323, 0.0499434657394886], [-0.007428064942359924, -0.5446122884750366, 0.8386549353599548, 0.06315749883651733], [0.4705827832221985, -0.7419105172157288, -0.4776196777820587, -0.766735315322876], [0.0, 0.0, 0.0, 1.0]], [[0.9182876348495483, 0.3265981376171112, 0.22378934919834137, 0.05549262836575508], [0.018457092344760895, -0.5999472141265869, 0.7998267412185669, 0.06682842969894409], [0.3954835832118988, -0.7303404211997986, -0.5569521188735962, -0.7668112516403198], [0.0, 0.0, 0.0, 1.0]], [[0.9459499716758728, 0.27346330881118774, 0.17434614896774292, 0.06127234920859337], [0.05251971632242203, -0.6596605777740479, 0.7497264742851257, 0.0710071474313736], [0.32003188133239746, -0.7000470161437988, -0.6383681297302246, -0.7670347094535828], [0.0, 0.0, 0.0, 1.0]], [[0.9656417369842529, 0.23891088366508484, 0.1022627055644989, 0.06645520031452179], [0.1066996306180954, -0.7232917547225952, 0.6822493076324463, 0.07512490451335907], [0.23696255683898926, -0.6478970646858215, -0.7239324450492859, -0.7684416770935059], [0.0, 0.0, 0.0, 1.0]], [[0.9689335227012634, 0.24710190296173096, 0.01040724292397499, 0.07028130441904068], [0.1923867166042328, -0.7794926762580872, 0.5961363911628723, 0.07855851948261261], [0.1554187685251236, -0.575614333152771, -0.8028156757354736, -0.7706961035728455], [0.0, 0.0, 0.0, 1.0]], [[0.9558402299880981, 0.28265002369880676, -0.08048976212739944, 0.07296107709407806], [0.28318482637405396, -0.8125778436660767, 0.5094346404075623, 0.0812787264585495], [0.07858750224113464, -0.5097315311431885, -0.8567367792129517, -0.7726771235466003], [0.0, 0.0, 0.0, 1.0]], [[0.9385267496109009, 0.30672094225883484, -0.15839795768260956, 0.07595240324735641], [0.34518492221832275, -0.8286921977996826, 0.440586656332016, 0.0832575112581253], [0.00387398898601532, -0.4681788682937622, -0.8836252093315125, -0.7731343507766724], [0.0, 0.0, 0.0, 1.0]], [[0.9221848845481873, 0.31399017572402954, -0.22579917311668396, 0.07985957711935043], [0.38087335228919983, -0.8387051820755005, 0.38924163579940796, 0.08444704115390778], [-0.06716089695692062, -0.4449536204338074, -0.893031656742096, -0.7729635238647461], [0.0, 0.0, 0.0, 1.0]], [[0.9047271013259888, 0.3104059398174286, -0.2917483448982239, 0.08377174288034439], [0.4011152982711792, -0.8513582944869995, 0.338076114654541, 0.08558285236358643], [-0.14344154298305511, -0.4228913187980652, -0.894755482673645, -0.7724912762641907], [0.0, 0.0, 0.0, 1.0]], [[0.8824437856674194, 0.30514514446258545, -0.3580215573310852, 0.08670642226934433], [0.4135901629924774, -0.8658824563026428, 0.2814084589481354, 0.08696779608726501], [-0.224134162068367, -0.3964013457298279, -0.8902976512908936, -0.7725027203559875], [0.0, 0.0, 0.0, 1.0]], [[0.8498151302337646, 0.3073718547821045, -0.4281785190105438, 0.08922813832759857], [0.427395761013031, -0.8772600293159485, 0.21851252019405365, 0.08723196387290955], [-0.3084592819213867, 