{"object_poses": [[[0.9918779134750366, 0.0016477461904287338, -0.12718243896961212, 0.04041116312146187], [-0.006208125501871109, -0.9980971813201904, -0.06134738028049469, 0.1375124305486679], [-0.1270415484905243, 0.06163868308067322, -0.9899803400039673, -0.6760391592979431], [0.0, 0.0, 0.0, 1.0]], [[0.9910277128219604, -0.006349170580506325, -0.13350579142570496, 0.039965108036994934], [-0.01442788541316986, -0.9981161952018738, -0.05963204801082611, 0.137343630194664], [-0.13287568092346191, 0.06102322041988373, -0.9892523884773254, -0.6756725907325745], [0.0, 0.0, 0.0, 1.0]], [[0.9907605648040771, -0.02282453514635563, -0.13368827104568481, 0.03913874551653862], [-0.030946824699640274, -0.9977783560752869, -0.05899587273597717, 0.13754288852214813], [-0.132044717669487, 0.06258802115917206, -0.9892657995223999, -0.6756376028060913], [0.0, 0.0, 0.0, 1.0]], [[0.9902940988540649, -0.039387837052345276, -0.13328933715820312, 0.03770468756556511], [-0.0476800762116909, -0.9970828294754028, -0.05960245430469513, 0.13787004351615906], [-0.13055290281772614, 0.06537923216819763, -0.9892833232879639, -0.6760419011116028], [0.0, 0.0, 0.0, 1.0]], [[0.9899017214775085, -0.0410793200135231, -0.1356727033853531, 0.036130622029304504], [-0.0488339401781559, -0.9973282217979431, -0.054330974817276, 0.1383429914712906], [-0.13307830691337585, 0.06040775775909424, -0.9892629981040955, -0.6766489148139954], [0.0, 0.0, 0.0, 1.0]], [[0.9899531006813049, -0.02377406135201454, -0.13938285410404205, 0.03348802030086517], [-0.03094438463449478, -0.998294472694397, -0.04950375854969025, 0.13948312401771545], [-0.1379682421684265, 0.053319528698921204, -0.9890003800392151, -0.6775057315826416], [0.0, 0.0, 0.0, 1.0]], [[0.9910768866539001, 0.002716805785894394, -0.13326358795166016, 0.029945923015475273], [-0.006033569574356079, -0.9978529810905457, -0.06521439552307129, 0.1412821263074875], [-0.13315466046333313, 0.06543652713298798, -0.9889326691627502, -0.6786105632781982], [0.0, 0.0, 0.0, 1.0]], [[0.9930594563484192, 0.023317422717809677, -0.11527878791093826, 0.025441549718379974], [0.011930733919143677, -0.9950660467147827, -0.09849545359611511, 0.14324438571929932], [-0.11700668931007385, 0.0964365005493164, -0.9884378910064697, -0.679686963558197], [0.0, 0.0, 0.0, 1.0]], [[0.9952405691146851, 0.04750853031873703, -0.08508410304784775, 0.020607803016901016], [0.03560379520058632, -0.9900224208831787, -0.1363377571105957, 0.1452709585428238], [-0.09071239829063416, 0.13265953958034515, -0.9870019555091858, -0.6804852485656738], [0.0, 0.0, 0.0, 1.0]], [[0.9957811832427979, 0.06819614768028259, -0.06139310076832771, 0.015821799635887146], [0.057205237448215485, -0.98450767993927, -0.16574719548225403, 0.14714603126049042], [-0.07174532860517502, 0.16153591871261597, -0.9842554926872253, -0.6807557344436646], [0.0, 0.0, 0.0, 1.0]], [[0.9938119053840637, 0.09329822659492493, -0.060276735574007034, 0.011223681271076202], [0.0811629593372345, -0.9804288148880005, -0.17936547100543976, 0.14871324598789215], [-0.07583154737949371, 0.1733633130788803, -0.9819341897964478, -0.680663526058197], [0.0, 0.0, 0.0, 1.0]], [[0.9894068241119385, 0.11876703798770905, -0.0834767296910286, 0.007425767835229635], [0.10275021940469742, -0.9791486859321594, -0.17524385452270508, 0.15016333758831024], [-0.10254933685064316, 0.16481022536754608, -0.9809798002243042, -0.6802728772163391], [0.0, 0.0, 0.0, 1.0]], [[0.9815189838409424, 0.1417040377855301, -0.12860901653766632, 0.004668249282985926], [0.12101519107818604, -0.9802390336990356, -0.1564827561378479, 0.15126296877861023], [-0.1482418328523636, 0.13802717626094818, -0.9792715311050415, -0.6793425679206848], [0.0, 0.0, 0.0, 1.0]], [[0.9702202081680298, 0.15823987126350403, -0.1833924502134323, 0.002758998889476061], [0.13758596777915955, -0.9831427335739136, -0.12041771411895752, 0.15192395448684692], [-0.1993558704853058, 0.0915994942188263, -0.9756365418434143, -0.6783297657966614], [0.0, 0.0, 0.0, 1.0]], [[0.9577747583389282, 0.17008109390735626, -0.2318185567855835, 0.002066762652248144], [0.15416967868804932, -0.9843602776527405, -0.08524444699287415, 0.15233556926250458], [-0.24269145727157593, 0.04590559005737305, -0.9690167903900146, -0.6775079369544983], [0.0, 0.0, 0.0, 1.0]], [[0.9502150416374207, 0.16911402344703674, -0.2617095112800598, 0.002305098343640566], [0.1578952819108963, -0.9854134321212769, -0.06347793340682983, 0.15249241888523102], [-0.2686271071434021, 0.018994972109794617, -0.9630569815635681, -0.6770204901695251], [0.0, 0.0, 0.0, 1.0]], [[0.9493375420570374, 0.16481906175613403, -0.26756829023361206, 0.0032500755041837692], [0.15606237947940826, -0.9862796664237976, -0.053824737668037415, 0.15233910083770752], [-0.272768497467041, 0.009340494871139526, -0.9620344042778015, -0.6766612529754639], [0.0, 0.0, 0.0, 1.0]], [[0.9551618099212646, 0.15680545568466187, -0.2511533200740814, 0.004652402829378843], [0.14734750986099243, -0.9874895215034485, -0.05615323781967163, 0.1520540565252304], [-0.25681644678115845, 0.01662863790988922, -0.9663171768188477, -0.6766076683998108], [0.0, 0.0, 0.0, 1.0]], [[0.9582598209381104, 0.15060986578464508, -0.24301186203956604, 0.0061593083664774895], [0.1386738419532776, -0.9881630539894104, -0.06559991091489792, 0.15193037688732147], [-0.2500153183937073, 0.029162392020225525, -0.9678026437759399, -0.6766178011894226], [0.0, 0.0, 0.0, 1.0]], [[0.9550955295562744, 0.14488302171230316, -0.25845974683761597, 0.007324852515012026], [0.13406041264533997, -0.9892084002494812, -0.05911554396152496, 0.15160661935806274], [-0.26423537731170654, 0.02181178331375122, -0.9642117023468018, -0.6766127943992615], [0.0, 0.0, 0.0, 1.0]], [[0.9483109712600708, 0.14432309567928314, -0.2826254963874817, 0.007851704023778439], [0.1400667428970337, -0.9895119667053223, -0.03532084822654724, 0.15097881853580475], [-0.28475886583328247, -0.006091296672821045, -0.958579957485199, -0.6763348579406738], [0.0, 0.0, 0.0, 1.0]], [[0.9311367869377136, 0.15779343247413635, -0.328763484954834, 0.007617373485118151], [0.1626521348953247, -0.9865997433662415, -0.012859076261520386, 0.15034876763820648], [-0.32638704776763916, -0.0415005087852478, -0.944324791431427, -0.6755078434944153], [0.0, 0.0, 0.0, 1.0]], [[0.912264347076416, 0.16963759064674377, -0.37282252311706543, 0.007429864257574081], [0.19015687704086304, -0.9815762042999268, 0.01867152750492096, 0.14972342550754547], [-0.36278632283210754, -0.0879281759262085, -0.9277147650718689, -0.6736974716186523], [0.0, 0.0, 0.0, 1.0]], [[0.900310218334198, 0.16716714203357697, -0.4018663167953491, 0.00679437443614006], [0.201657235622406, -0.9784323573112488, 0.0447719544172287, 0.1488478034734726], [-0.385714590549469, -0.12134788930416107, -0.9146031141281128, -0.671362042427063], [0.0, 0.0, 0.0, 1.0]], [[0.8875770568847656, 0.1787920743227005, -0.4245472550392151, 0.00614190986379981], [0.22189763188362122, -0.9735790491104126, 0.05389980971813202, 0.14821754395961761], [-0.4036934971809387, -0.1420462727546692, -0.9038000702857971, -0.6691016554832458], [0.0, 0.0, 0.0, 1.0]], [[0.8717766404151917, 0.19523270428180695, -0.44932135939598083, 0.005260012112557888], [0.24887050688266754, -0.9664912223815918, 0.06291437149047852, 0.14782275259494781], [-0.4219822585582733, -0.16667011380195618, -0.8911521434783936, -0.6664913296699524], [0.0, 0.0, 0.0, 1.0]], [[0.8552168011665344, 0.21107107400894165, -0.4733424782752991, 0.003987445030361414], [0.27811238169670105, -0.9575780630111694, 0.07548306882381439, 0.14728106558322906], [-0.43733012676239014, -0.1961967945098877, -0.8776383996009827, -0.6638497114181519], [0.0, 0.0, 0.0, 1.0]], [[0.8337421417236328, 0.23165681958198547, -0.501207709312439, 0.0030621937476098537], [0.31150004267692566, -0.9468260407447815, 0.08054938912391663, 0.1468508243560791], [-0.4558967053890228, -0.22328363358974457, -0.8615699410438538, -0.6612871289253235], [0.0, 0.0, 0.0, 1.0]], [[0.8137445449829102, 0.23852141201496124, -0.5300257802009583, 0.0026252381503582], [0.333733469247818, -0.9383514523506165, 0.09010298550128937, 0.1462409347295761], [-0.4758589565753937, -0.25020813941955566, -0.8431810140609741, -0.6596617698669434], [0.0, 0.0, 0.0, 1.0]], [[0.7880730628967285, 0.24276822805404663, -0.5656894445419312, 0.0024049016647040844], [0.35908013582229614, -0.9277039766311646, 0.10211318731307983, 0.14544013142585754], [-0.5000023245811462, -0.28360044956207275, -0.8182717561721802, -0.658277690410614], [0.0, 0.0, 0.0, 1.0]], [[0.7576906085014343, 0.25105082988739014, -0.6023939251899719, 0.002977816853672266], [0.39744746685028076, -0.9096372127532959, 0.12081301212310791, 0.14459362626075745], [-0.5176296830177307, -0.33095884323120117, -0.7890030741691589, -0.656499445438385], [0.0, 0.0, 0.0, 1.0]], [[0.7319825291633606, 0.2551453709602356, -0.6317455768585205, 0.003850911743938923], [0.42579522728919983, -0.8951658010482788, 0.13182087242603302, 0.1437828093767166], [-0.5318835377693176, -0.3654848039150238, -0.7638853788375854, -0.6551971435546875], [0.0, 0.0, 0.0, 1.0]], [[0.6985898613929749, 0.2665758728981018, -0.6640102863311768, 0.004633306059986353], [0.455940306186676, -0.8810498714447021, 0.1259748339653015, 0.14328205585479736], [-0.5514443516731262, -0.39075374603271484, -0.7370352149009705, -0.6544222235679626], [0.0, 0.0, 0.0, 1.0]], [[0.6557565331459045, 0.2906024158000946, -0.6968024373054504, 0.005053457338362932], [0.5019618272781372, -0.8572254776954651, 0.11488619446754456, 0.1432526856660843], [-0.5639306306838989, -0.42510563135147095, -0.708002507686615, -0.6540220975875854], [0.0, 0.0, 0.0, 1.0]], [[0.6217895150184631, 0.3123447597026825, -0.7182050347328186, 0.005169504787772894], [0.5398366451263428, -0.8353089094161987, 0.10409356653690338, 0.14319980144500732], [-0.5674099922180176, -0.45243778824806213, -0.6880013942718506, -0.6541082859039307], [0.0, 0.0, 0.0, 1.0]], [[0.588602602481842, 0.3232095241546631, -0.7410010695457458, 0.005441158544272184], [0.5665096044540405, -0.8188074231147766, 0.09285102784633636, 0.14309364557266235], [-0.5767267942428589, -0.47443658113479614, -0.6650534868240356, -0.655066192150116], [0.0, 0.0, 0.0, 1.0]], [[0.5555916428565979, 0.33009201288223267, -0.7631233930587769, 0.005675480235368013], [0.5924549102783203, -0.801127552986145, 0.08480563014745712, 0.14266973733901978], [-0.5833654403686523, -0.4992334246635437, -0.6406643986701965, -0.6559799313545227], [0.0, 0.0, 0.0, 1.0]], [[0.5288907289505005, 0.3435705304145813, -0.7760372757911682, 0.005462086293846369], [0.6205093860626221, -0.7803695201873779, 0.077405646443367, 0.14225660264492035], [-0.5790014863014221, -0.5224775075912476, -0.625918984413147, -0.6566448211669922], [0.0, 0.0, 0.0, 1.0]], [[0.5210978388786316, 0.3547374904155731, -0.77628493309021, 0.0049679954536259174], [0.6375646591186523, -0.7664656043052673, 0.07772855460643768, 0.14182990789413452], [-0.5674225091934204, -0.5354360342025757, -0.6255716681480408, -0.6570301651954651], [0.0, 0.0, 0.0, 1.0]], [[0.5357046127319336, 0.36209413409233093, -0.7628292441368103, 0.005294508300721645], [0.636771559715271, -0.7665369510650635, 0.08332524448633194, 0.14090949296951294], [-0.5545652508735657, -0.5303856730461121, -0.6412086486816406, -0.6568707823753357], [0.0, 0.0, 0.0, 1.0]], [[0.5521184802055359, 0.3590133786201477, -0.7525120973587036, 0.00617243954911828], [0.6202656030654907, -0.779991865158081, 0.08296550810337067, 0.1400626301765442], [-0.5571677684783936, -0.5125641226768494, -0.6533316373825073, -0.6571251153945923], [0.0, 0.0, 0.0, 1.0]], [[0.5554457902908325, 0.37082138657569885, -0.744292676448822, 0.007728117518126965], [0.6172009110450745, -0.7836713194847107, 0.0701599270105362, 0.1395350992679596], [-0.557263970375061, -0.4983481168746948, -0.6641582250595093, -0.6571592092514038], [0.0, 0.0, 0.0, 1.0]], [[0.5440953373908997, 0.3863874077796936, -0.7447583079338074, 0.009214183315634727], [0.6307443380355835, -0.7737147212028503, 0.059390321373939514, 0.13901755213737488], [-0.5532828569412231, -0.5020661354064941, -0.6646862030029297, -0.6566025018692017], [0.0, 0.0, 0.0, 1.0]], [[0.5285442471504211, 0.40084612369537354, -0.7483069896697998, 0.010006651282310486], [0.6486994028091431, -0.7593034505844116, 0.05145272612571716, 0.13906800746917725], [-0.5475675463676453, -0.512621283531189, -0.661354124546051, -0.6562681198120117], [0.0, 0.0, 0.0, 1.0]], [[0.5122972130775452, 0.40535107254981995, -0.7571274042129517, 0.010849549435079098], [0.6586881279945374, -0.7511555552482605, 0.04353608191013336, 0.13886426389217377], [-0.5510731935501099, -0.5210142135620117, -0.6518148183822632, -0.6561945080757141], [0.0, 0.0, 0.0, 1.0]], [[0.4926285743713379, 0.40234240889549255, -0.7716461420059204, 0.012091102078557014], [0.6663529276847839, -0.7447124719619751, 0.03710907697677612, 0.13817177712917328], [-0.559723973274231, -0.532469630241394, -0.634968638420105, -0.6557150483131409], [0.0, 0.0, 0.0, 1.0]], [[0.4763733148574829, 0.39773377776145935, -0.7841405272483826, 0.013059787452220917], [0.6791388988494873, -0.732871949672699, 0.04085453599691391, 0.13783672451972961], [-0.5584253668785095, -0.5520023107528687, -0.6192371845245361, -0.655343234539032], [0.0, 0.0, 0.0, 1.0]], [[0.4555293321609497, 0.3971496522426605, -0.7967214584350586, 0.013506634160876274], [0.6972278952598572, -0.7156228423118591, 0.0419197753071785, 0.1378897726535797], [-0.5535037517547607, -0.5745920538902283, -0.6028909683227539, -0.6553424000740051], [0.0, 0.0, 0.0, 1.0]], [[0.4382511377334595, 0.3965030610561371, -0.806672990322113, 0.013821507804095745], [0.7160972356796265, -0.6964349746704102, 0.04672501981258392, 0.13777992129325867], [-0.5432686805725098, -0.5981335043907166, -0.5891481041908264, -0.654944658279419], [0.0, 0.0, 0.0, 1.0]], [[0.40954357385635376, 0.39398762583732605, -0.8228291273117065, 0.01439027488231659], [0.7371301651000977, -0.6743159890174866, 0.04401251673698425, 0.13735514879226685], [-0.5375065207481384, -0.6245571970939636, -0.5665819048881531, -0.6543847918510437], [0.0, 0.0, 0.0, 1.0]], [[0.37773895263671875, 0.3860602378845215, -0.8415883183479309, 0.014923661947250366], [0.7599750757217407, -0.648486316204071, 0.04362872242927551, 0.13689330220222473], [-0.5289151668548584, -0.6560664176940918, -0.5383546352386475, -0.653850793838501], [0.0, 0.0, 0.0, 1.0]], [[0.360043466091156, 0.38806068897247314, -0.8483971357345581, 0.015687668696045876], [0.7667245864868164, -0.6411728858947754, 0.03210783004760742, 0.13629218935966492], [-0.5315094590187073, -0.6620470881462097, -0.5283857583999634, -0.6532503366470337], [0.0, 0.0, 0.0, 1.0]], [[0.3528049886226654, 0.39005815982818604, -0.8505194187164307, 0.016344372183084488], [0.7604596614837646, -0.649142861366272, 0.01774275302886963, 0.1355721354484558], [-0.5451878905296326, -0.6530454754829407, -0.5256443023681641, -0.65297532081604], [0.0, 0.0, 0.0, 1.0]], [[0.33602696657180786, 0.38778290152549744, -0.8583182692527771, 0.016508961096405983], [0.7614992260932922, -0.6481442451477051, 0.0052953436970710754, 0.13506999611854553], [-0.5542604923248291, -0.6553881764411926, -0.5130903124809265, -0.6524794697761536], [0.0, 0.0, 0.0, 1.0]], [[0.31575143337249756, 0.382522314786911, -0.8683189153671265, 0.01627483032643795], [0.7703144550323486, -0.637663722038269, -0.0007977485656738281, 0.13496707379817963], [-0.5540006160736084, -0.6686267256736755, -0.49600568413734436, -0.6518550515174866], [0.0, 0.0, 0.0, 1.0]], [[0.29590728878974915, 0.3813926577568054, -0.8757730722427368, 0.01594102755188942], [0.7768300771713257, -0.6296014785766602, -0.01171044260263443, 0.13485607504844666], [-0.5558542609214783, -0.6768617033958435, -0.4825809895992279, -0.6512427926063538], [0.0, 0.0, 0.0, 1.0]], [[0.28479284048080444, 0.38028857111930847, -0.8799281120300293, 0.015465741977095604], [0.7757840752601624, -0.6306333541870117, -0.02146182209253311, 0.134538471698761], [-0.5630737543106079, -0.6765221357345581, -0.4746217429637909, -0.6509270668029785], [0.0, 0.0, 0.0, 1.0]], [[0.26324912905693054, 0.3806840181350708, -0.8864420652389526, 0.014919621869921684], [0.7859897613525391, -0.617424488067627, -0.03173643350601196, 0.13403889536857605], [-0.5593926310539246, -0.6883797645568848, -0.46175017952919006, -0.65028977394104], [0.0, 0.0, 0.0, 1.0]], [[0.23968587815761566, 0.36776843667030334, -0.8984970450401306, 0.014513292349874973], [0.8034070730209351, -0.594718337059021, -0.02910787984728813, 0.13358813524246216], [-0.5450577139854431, -0.7148820161819458, -0.43801337480545044, -0.6495344638824463], [0.0, 0.0, 0.0, 1.0]], [[0.20062729716300964, 0.3470163643360138, -0.9161486625671387, 0.014844865538179874], [0.8234028816223145, -0.5664238929748535, -0.034231625497341156, 0.1332676112651825], [-0.5308074355125427, -0.7474916577339172, -0.399374395608902, -0.6487679481506348], [0.0, 0.0, 0.0, 1.0]], [[0.16928225755691528, 0.3383818566799164, -0.9256572127342224, 0.015118148177862167], [0.8373746275901794, -0.5446922779083252, -0.045979585498571396, 0.1325918436050415], [-0.5197570323944092, -0.7673382759094238, -0.37555912137031555, -0.6477333903312683], [0.0, 0.0, 0.0, 1.0]], [[0.15236665308475494, 0.34189775586128235, -0.9273027777671814, 0.015254143625497818], [0.848146915435791, -0.5269076824188232, -0.05491114780306816, 0.13241347670555115], [-0.5073769688606262, -0.7781223058700562, -0.3702627122402191, -0.6469864845275879], [0.0, 0.0, 0.0, 1.0]], [[0.14206627011299133, 0.3402183949947357, -0.9295528531074524, 0.015712488442659378], [0.8505130410194397, -0.522380530834198, -0.06120607256889343, 0.13256092369556427], [-0.5064038038253784, -0.7819015383720398, -0.3635728359222412, -0.6469049453735352], [0.0, 0.0, 0.0, 1.0]], [[0.12581759691238403, 0.3364969491958618, -0.9332414269447327, 0.01663263887166977], [0.8541057109832764, -0.5152792930603027, -0.07064448297023773, 0.13241872191429138], [-0.504651665687561, -0.7881986498832703, -0.35223516821861267, -0.6471418142318726], [0.0, 0.0, 0.0, 1.0]], [[0.10648464411497116, 0.33776089549064636, -0.9351890683174133, 0.01715722680091858], [0.8595640659332275, -0.5040482878684998, -0.08417273312807083, 0.13230247795581818], [-0.49981069564819336, -0.794891893863678, -0.34400054812431335, -0.6469979286193848], [0.0, 0.0, 0.0, 1.0]], [[0.08735434710979462, 0.33956974744796753, -0.9365155696868896, 0.017473697662353516], [0.8652362823486328, -0.49177175760269165, -0.09760506451129913, 0.1324085295200348], [-0.4936956763267517, -0.8017811179161072, -0.33676642179489136, -0.6465766429901123], [0.0, 0.0, 0.0, 1.0]], [[0.07540029287338257, 0.3388541042804718, -0.9378127455711365, 0.017601890489459038], [0.8669983148574829, -0.48686128854751587, -0.10620781779289246, 0.1325966715812683], [-0.49257367849349976, -0.8050739169120789, -0.3304954767227173, -0.6463873982429504], [0.0, 0.0, 0.0, 1.0]], [[0.07009273022413254, 0.3481069505214691, -0.9348307847976685, 0.01766563206911087], [0.8664050102233887, -0.4857047200202942, -0.11590173840522766, 0.13273589313030243], [-0.49439793825149536, -0.8018181920051575, -0.33564600348472595, -0.6463385224342346], [0.0, 0.0, 0.0, 1.0]], [[0.06736516952514648, 0.36538925766944885, -0.9284139275550842, 0.01759994775056839], [0.8705387115478516, -0.4761601984500885, -0.1242332011461258, 0.13265278935432434], [-0.48746728897094727, -0.7998513579368591, -0.3501620590686798, -0.6457024812698364], [0.0, 0.0, 0.0, 1.0]], [[0.060611505061388016, 0.3704424202442169, -0.9268757104873657, 0.01736775040626526], [0.8774375319480896, -0.46245038509368896, -0.1274479627609253, 0.13283196091651917], [-0.47584617137908936, -0.8055508732795715, -0.35306987166404724, -0.6452635526657104], [0.0, 0.0, 0.0, 1.0]], [[0.045627206563949585, 0.36923614144325256, -0.9282148480415344, 0.01724233664572239], [0.885978102684021, -0.44420087337493896, -0.13314835727214813, 0.1329329013824463], [-0.46147701144218445, -0.8163028359413147, -0.34740278124809265, -0.6452745199203491], [0.0, 0.0, 0.0, 1.0]], [[0.03455454856157303, 0.381692111492157, -0.9236433506011963, 0.017720183357596397], [0.8942069411277771, -0.4245396852493286, -0.14198613166809082, 0.13308671116828918], [-0.44631826877593994, -0.8210220336914062, -0.3559814989566803, -0.6449253559112549], [0.0, 0.0, 0.0, 1.0]], [[0.02747197262942791, 0.388963907957077, -0.9208433628082275, 0.01801319792866707], [0.9031233191490173, -0.4045385420322418, -0.14393362402915955, 0.1336176097393036], [-0.42850157618522644, -0.8276809453964233, -0.36239585280418396, -0.6447727680206299], [0.0, 0.0, 0.0, 1.0]], [[0.01905730552971363, 0.39286789298057556, -0.9193974137306213, 0.018582766875624657], [0.9159332513809204, -0.3755602240562439, -0.1414952278137207, 0.1344778686761856], [-0.40087801218032837, -0.8394101858139038, -0.36699798703193665, -0.6447552442550659], [0.0, 0.0, 0.0, 1.0]], [[0.010754980146884918, 0.40359580516815186, -0.9148740768432617, 0.019289882853627205], [0.9351471662521362, -0.3280505836009979, -0.13372588157653809, 0.13583043217658997], [-0.3540962040424347, -0.8541037440299988, -0.3809497058391571, -0.6449294090270996], [0.0, 0.0, 0.0, 1.0]], [[-0.0004367940127849579, 0.4203861355781555, -0.9073453545570374, 0.020273994654417038], [0.9573569297790527, -0.2619631886482239, -0.12183216959238052, 0.13783422112464905], [-0.28890758752822876, -0.8687065243721008, -0.40234509110450745, -0.6456442475318909], [0.0, 0.0, 0.0, 1.0]], [[-0.026030976325273514, 0.4493851959705353, -0.8929587602615356, 0.021681152284145355], [0.9786278009414673, -0.17081809043884277, -0.1144932433962822, 0.14000913500785828], [-0.2039850652217865, -0.8768547177314758, -0.43533429503440857, -0.6470574140548706], [0.0, 0.0, 0.0, 1.0]], [[-0.059577133506536484, 0.4645911455154419, -0.8835187554359436, 0.023369446396827698], [0.9886124134063721, -0.09506526589393616, -0.11665305495262146, 0.1418725848197937], [-0.1381879448890686, -0.8804076910018921, -0.45363688468933105, -0.6480716466903687], [0.0, 0.0, 0.0, 1.0]], [[-0.08791154623031616, 0.45806586742401123, -0.8845604658126831, 0.024870261549949646], [0.9914853572845459, -0.045399442315101624, -0.12204812467098236, 0.14335405826568604], [-0.09606464952230453, -0.887758195400238, -0.450174480676651, -0.6482216119766235], [0.0, 0.0, 0.0, 1.0]], [[-0.10015903413295746, 0.44713863730430603, -0.8888391852378845, 0.026597831398248672], [0.9929527044296265, -0.011957451701164246, -0.11790639162063599, 0.14526331424713135], [-0.06334875524044037, -0.8943846821784973, -0.4427899420261383, -0.647390604019165], [0.0, 0.0, 0.0, 1.0]], [[-0.10049856454133987, 0.4396950602531433, -0.8925067186355591, 0.028071824461221695], [0.9940468668937683, 0.006433427333831787, -0.10876281559467316, 0.14760424196720123], [-0.0420805960893631, -0.8981241583824158, -0.43772411346435547, -0.6464994549751282], [0.0, 0.0, 0.0, 1.0]], [[-0.08650679141283035, 0.4333522319793701, -0.897063136100769, 0.02968718856573105], [0.995988130569458, 0.016923606395721436, -0.0878710150718689, 0.14977578818798065], [-0.02289755642414093, -0.9010657072067261, -0.43307772278785706, -0.6452273726463318], [0.0, 0.0, 0.0, 1.0]], [[-0.08042415231466293, 0.43074923753738403, -0.8988809585571289, 0.03154386579990387], [0.996718168258667, 0.02642577886581421, -0.07651438564062119, 0.1516299843788147], [-0.009204879403114319, -0.9020846486091614, -0.4314608871936798, -0.6439189314842224], [0.0, 0.0, 0.0, 1.0]], [[-0.07570911943912506, 0.42498302459716797, -0.9020296931266785, 0.03360188007354736], [0.9971212148666382, 0.03605854511260986, -0.06670168042182922, 0.15303176641464233], [0.0041788071393966675, -0.9044828414916992, -0.42648956179618835, -0.6423008441925049], [0.0, 0.0, 0.0, 1.0]], [[-0.08301012963056564, 0.4188608229160309, -0.9042482376098633, 0.035253651440143585], [0.9963385462760925, 0.05351601541042328, -0.06667464226484299, 0.15339377522468567], [0.02046436071395874, -0.9064720869064331, -0.4217696189880371, -0.6406464576721191], [0.0, 0.0, 0.0, 1.0]], [[-0.09754717350006104, 0.41102391481399536, -0.9063906073570251, 0.03706187754869461], [0.9946638941764832, 0.07100105285644531, -0.07485022395849228, 0.153436541557312], [0.033589452505111694, -0.9088554382324219, -0.41575658321380615, -0.6388558745384216], [0.0, 0.0, 0.0, 1.0]], [[-0.11255205422639847, 0.407367467880249, -0.9063020944595337, 0.038419827818870544], [0.9925358295440674, 0.08919130265712738, -0.08317126333713531, 0.15329429507255554], [0.0469529926776886, -0.9088985919952393, -0.4143655002117157, -0.6369571685791016], [0.0, 0.0, 0.0, 1.0]], [[-0.12752072513103485, 0.3956454396247864, -0.9095070362091064, 0.039285898208618164], [0.9896740317344666, 0.1112695187330246, -0.09035737812519073, 0.1527072936296463], [0.06545092165470123, -0.9116379022598267, -0.40574920177459717, -0.6351311206817627], [0.0, 0.0, 0.0, 1.0]], [[-0.14175230264663696, 0.38128241896629333, -0.9135261178016663, 0.039655573666095734], [0.9868353605270386, 0.1270168572664261, -0.1001141369342804, 0.1517583280801773], [0.07786145806312561, -0.9156912565231323, -0.39426788687705994, -0.6335525512695312], [0.0, 0.0, 0.0, 1.0]], [[-0.1518179476261139, 0.37254011631011963, -0.9155136346817017, 0.039621882140636444], [0.9839741587638855, 0.1446048617362976, -0.10432811081409454, 0.15020383894443512], [0.09352131187915802, -0.916680634021759, -0.38852348923683167, -0.6323950886726379], [0.0, 0.0, 0.0, 1.0]], [[-0.1698766052722931, 0.3574167490005493, -0.918365478515625, 0.03936603292822838], [0.9793611764907837, 0.1647944450378418, -0.11702342331409454, 0.147947296500206], [0.10951541364192963, -0.9192911386489868, -0.3780347406864166, -0.6318022608757019], [0.0, 0.0, 0.0, 1.0]], [[-0.19054943323135376, 0.3442111313343048, -0.9193528294563293, 0.03987806290388107], [0.9757080674171448, 0.16953018307685852, -0.13875681161880493, 0.14603596925735474], [0.10809639096260071, -0.9234598875045776, -0.3681534230709076, -0.6309020519256592], [0.0, 0.0, 0.0, 1.0]], [[-0.21027642488479614, 0.33507639169692993, -0.9184267520904541, 0.040346093475818634], [0.9715769290924072, 0.17610347270965576, -0.15819619596004486, 0.14423266053199768], [0.10873030126094818, -0.925586998462677, -0.3625829517841339, -0.6301056742668152], [0.0, 0.0, 0.0, 1.0]], [[-0.23033198714256287, 0.32061320543289185, -0.9187787175178528, 0.04052452743053436], [0.9668914079666138, 0.18199072778224945, -0.1788868010044098, 0.14248126745224], [0.1098557561635971, -0.9295625686645508, -0.3519164025783539, -0.6296349167823792], [0.0, 0.0, 0.0, 1.0]], [[-0.24117234349250793, 0.30420780181884766, -0.9215712547302246, 0.04044831171631813], [0.9648346900939941, 0.1774558275938034, -0.19391661882400513, 0.1408894956111908], [0.10454724729061127, -0.9359311461448669, -0.3363076448440552, -0.6294927597045898], [0.0, 0.0, 0.0, 1.0]], [[-0.2470390498638153, 0.29933562874794006, -0.921612560749054, 0.039845094084739685], [0.9636844992637634, 0.17542873322963715, -0.20133797824382782, 0.13934119045734406], [0.10140968859195709, -0.937882125377655, -0.3318028748035431, -0.6298085451126099], [0.0, 0.0, 0.0, 1.0]], [[-0.2595927119255066, 0.292125403881073, -0.9204751253128052, 0.03909915313124657], [0.9592998623847961, 0.18771272897720337, -0.21096885204315186, 0.13768428564071655], [0.11115553975105286, -0.9377775192260742, -0.3289647102355957, -0.6303412318229675], [0.0, 0.0, 0.0, 1.0]], [[-0.2759648859500885, 0.2800682485103607, -0.9194592237472534, 0.038255512714385986], [0.9522970914840698, 0.20933502912521362, -0.22205710411071777, 0.13613374531269073], [0.13028386235237122, -0.9368781447410583, -0.32447731494903564, -0.6309044361114502], [0.0, 0.0, 0.0, 1.0]], [[-0.29249221086502075, 0.26308533549308777, -0.9193664193153381, 0.0375366248190403], [0.944462239742279, 0.23007997870445251, -0.2346367985010147, 0.13436418771743774], [0.14979828894138336, -0.9369361400604248, -0.3157707452774048, -0.631160318851471], [0.0, 0.0, 0.0, 1.0]], [[-0.3079994022846222, 0.2515241503715515, -0.9175358414649963, 0.03682660311460495], [0.9385719299316406, 0.2380879521369934, -0.24979376792907715, 0.13312487304210663], [0.15562503039836884, -0.9381096959114075, -0.30940449237823486, -0.6318676471710205], [0.0, 0.0, 0.0, 1.0]], [[-0.32003071904182434, 0.2501012980937958, -0.9137997627258301, 0.036796070635318756], [0.9347187280654907, 0.24068035185337067, -0.261484295129776, 0.1321071982383728], [0.15453605353832245, -0.9378286004066467, -0.3107994496822357, -0.6325255632400513], [0.0, 0.0, 0.0, 1.0]], [[-0.333508163690567, 0.24857230484485626, -0.9093866348266602, 0.0364370122551918], [0.9288278818130493, 0.25178372859954834, -0.27181538939476013, 0.13085408508777618], [0.16140292584896088, -0.9353164434432983, -0.31485283374786377, -0.6334038972854614], [0.0, 0.0, 0.0, 1.0]], [[-0.35468780994415283, 0.24053722620010376, -0.9035144448280334, 0.036455512046813965], [0.9191439747810364, 0.26682960987091064, -0.2897869348526001, 0.1296297311782837], [0.17137984931468964, -0.9332437515258789, -0.3157295882701874, -0.6345443725585938], [0.0, 0.0, 0.0, 1.0]], [[-0.3667251765727997, 0.24501700699329376, -0.8974849581718445, 0.03665300831198692], [0.9139291048049927, 0.2752190828323364, -0.2983085513114929, 0.12825247645378113], [0.1739143282175064, -0.9296349287033081, -0.3248579204082489, -0.6362748742103577], [0.0, 0.0, 0.0, 1.0]], [[-0.3792317509651184, 0.24796757102012634, -0.8914568424224854, 0.03651273250579834], [0.9086827635765076, 0.2815779149532318, -0.30823609232902527, 0.12730222940444946], [0.17458201944828033, -0.9269444942474365, -0.33210715651512146, -0.6379175186157227], [0.0, 0.0, 0.0, 1.0]], [[-0.38007256388664246, 0.23636436462402344, -0.8942463994026184, 0.03576376289129257], [0.9073885083198547, 0.28281381726264954, -0.3109057545661926, 0.12724807858467102], [0.17941822111606598, -0.9295957684516907, -0.3219640552997589, -0.6385133862495422], [0.0, 0.0, 0.0, 1.0]], [[-0.3793043792247772, 0.23007270693778992, -0.8962112665176392, 0.03532113879919052], [0.9056733846664429, 0.2906174063682556, -0.30870258808135986, 0.12717734277248383], [0.1894305795431137, -0.9287669658660889, -0.3186032176017761, -0.6391602158546448], [0.0, 0.0, 0.0, 1.0]], [[-0.3820575177669525, 0.22471654415130615, -0.8964007496833801, 0.03443046286702156], [0.9009565114974976, 0.30646905303001404, -0.3071712255477905, 0.12687116861343384], [0.20569264888763428, -0.9249752163887024, -0.31954866647720337, -0.6401873230934143], [0.0, 0.0, 0.0, 1.0]], [[-0.38898971676826477, 0.2200162708759308, -0.8945836424827576, 0.03367314860224724], [0.8968400359153748, 0.3124611973762512, -0.31312328577041626, 0.1263517439365387], [0.21063044667243958, -0.9240999817848206, -0.31886357069015503, -0.6413202881813049], [0.0, 0.0, 0.0, 1.0]], [[-0.40605953335762024, 0.20622579753398895, -0.8902732729911804, 0.03296663612127304], [0.8876368999481201, 0.32065194845199585, -0.33058011531829834, 0.1257874220609665], [0.21729372441768646, -0.9244745969772339, -0.31325745582580566, -0.6422006487846375], [0.0, 0.0, 0.0, 1.0]], [[-0.4349524974822998, 0.18274028599262238, -0.8817155957221985, 0.03226859122514725], [0.8693557381629944, 0.34033524990081787, -0.35831907391548157, 0.12504523992538452], [0.23459948599338531, -0.9223763346672058, -0.306895911693573, -0.6430968046188354], [0.0, 0.0, 0.0, 1.0]], [[-0.4717884957790375, 0.14106519520282745, -0.8703540563583374, 0.03212198242545128], [0.8404734134674072, 0.37030619382858276, -0.39557281136512756, 0.1241970956325531], [0.266495943069458, -0.9181361794471741, -0.29326772689819336, -0.644045889377594], [0.0, 0.0, 0.0, 1.0]], [[-0.5080971717834473, 0.08210787922143936, -0.8573771715164185, 0.03152167797088623], [0.8055229187011719, 0.39769989252090454, -0.43928107619285583, 0.12320472300052643], [0.3049103319644928, -0.9138343334197998, -0.2682099938392639, -0.6445587277412415], [0.0, 0.0, 0.0, 1.0]], [[-0.5328423380851746, 0.022086314857006073, -0.8459262847900391, 0.030722351744771004], [0.772199273109436, 0.4215531349182129, -0.47539594769477844, 0.12284587323665619], [0.34610316157341003, -0.9065347909927368, -0.24167636036872864, -0.6450192332267761], [0.0, 0.0, 0.0, 1.0]], [[-0.5405505299568176, -0.021669406443834305, -0.8410325050354004, 0.02942850813269615], [0.7489008903503418, 0.4431057870388031, -0.49275222420692444, 0.12301892787218094], [0.38334405422210693, -0.8962073922157288, -0.22329285740852356, -0.6451860070228577], [0.0, 0.0, 0.0, 1.0]], [[-0.5388251543045044, -0.051606111228466034, -0.840835452079773, 0.028379155322909355], [0.7349053025245667, 0.45912110805511475, -0.4991213381290436, 0.12324655055999756], [0.41180312633514404, -0.8868734836578369, -0.20946037769317627, -0.6454125642776489], [0.0, 0.0, 0.0, 1.0]], [[-0.5390928983688354, -0.06664634495973587, -0.8396052718162537, 0.027730343863368034], [0.725740373134613, 0.4691166281700134, -0.5032202005386353, 0.12330929934978485], [0.4274106025695801, -0.8806178569793701, -0.20452949404716492, -0.6456620693206787], [0.0, 0.0, 0.0, 1.0]], [[-0.5411291718482971, -0.07517679780721664, -0.8375725150108337, 0.02709662728011608], [0.7188160419464111, 0.4755672812461853, -0.5070891380310059, 0.12359365075826645], [0.4364435076713562, -0.8764612078666687, -0.20330503582954407, -0.64595627784729], [0.0, 0.0, 0.0, 1.0]], [[-0.5440706014633179, -0.08220406621694565, -0.8350027203559875, 0.026878580451011658], [0.7129191160202026, 0.47946181893348694, -0.5117253065109253, 0.12375248968601227], [0.44241786003112793, -0.8737040758132935, -0.20225627720355988, -0.6462047100067139], [0.0, 0.0, 0.0, 1.0]], [[-0.548575222492218, -0.09794332832098007, -0.8303446769714355, 0.026460343971848488], [0.704470157623291, 0.48074084520339966, -0.5221207737922668, 0.12381643801927567], [0.4503189027309418, -0.871375560760498, -0.19472436606884003, -0.6458311080932617], [0.0, 0.0, 0.0, 1.0]], [[-0.5611131191253662, -0.11692188680171967, -0.8194397687911987, 0.02588389813899994], [0.6859602332115173, 0.48837488889694214, -0.5393965244293213, 0.12380198389291763], [0.46326106786727905, -0.864765465259552, -0.1938297599554062, -0.6452687978744507], [0.0, 0.0, 0.0, 1.0]], [[-0.5787224173545837, -0.15257053077220917, -0.8011257648468018, 0.02528998628258705], [0.6570389270782471, 0.4946853220462799, -0.5688464045524597, 0.12351702153682709], [0.4830944240093231, -0.8555750250816345, -0.1860406994819641, -0.6447974443435669], [0.0, 0.0, 0.0, 1.0]], [[-0.5971672534942627, -0.20412462949752808, -0.7757090330123901, 0.02496485970914364], [0.6216105222702026, 0.4934297800064087, -0.6083810925483704, 0.12383610755205154], [0.50694340467453, -0.8454941511154175, -0.16777411103248596, -0.6446408033370972], [0.0, 0.0, 0.0, 1.0]], [[-0.6079752445220947, -0.2514339089393616, -0.7530916929244995, 0.02435266599059105], [0.5889653563499451, 0.4932674765586853, -0.6401617527008057, 0.12402625381946564], [0.5324339270591736, -0.8327474594116211, -0.15180857479572296, -0.6445103883743286], [0.0, 0.0, 0.0, 1.0]], [[-0.6115691065788269, -0.29673492908477783, -0.7334381937980652, 0.023557620123028755], [0.5599730014801025, 0.49254870414733887, -0.6662028431892395, 0.12423185259103775], [0.5589396357536316, -0.8181346654891968, -0.1350640058517456, -0.6446047425270081], [0.0, 0.0, 0.0, 1.0]], [[-0.60503751039505, -0.3372081518173218, -0.7212629914283752, 0.02288765460252762], [0.5393268465995789, 0.4928237199783325, -0.682826042175293, 0.12453123182058334], [0.5857100486755371, -0.8021317720413208, -0.11631137132644653, -0.6446049213409424], [0.0, 0.0, 0.0, 1.0]], [[-0.6002730131149292, -0.36241987347602844, -0.7129685878753662, 0.02233033999800682], [0.5214411020278931, 0.49858951568603516, -0.6924650073051453, 0.12455214560031891], [0.6064417362213135, -0.7874391674995422, -0.1103091835975647, -0.6447225213050842], [0.0, 0.0, 0.0, 1.0]], [[-0.592143714427948, -0.3820008933544159, -0.7095358371734619, 0.02268284000456333], [0.5145937204360962, 0.49833622574806213, -0.6977496147155762, 0.12483304738998413], [0.620128333568573, -0.7782906889915466, -0.09851141273975372, -0.6452398896217346], [0.0, 0.0, 0.0, 1.0]], [[-0.5855699777603149, -0.40014559030532837, -0.7049760222434998, 0.023351166397333145], [0.5055460333824158, 0.49955636262893677, -0.7034676671028137, 0.1247684508562088], [0.6336647868156433, -0.7683273553848267, -0.09023317694664001, -0.6454646587371826], [0.0, 0.0, 0.0, 1.0]], [[-0.5823301076889038, -0.4246710538864136, -0.6932143568992615, 0.02387758158147335], [0.4916083514690399, 0.4951779544353485, -0.7163240313529968, 0.12453451007604599], [0.6474665403366089, -0.7579269409179688, -0.07958516478538513, -0.645599901676178], [0.0, 0.0, 0.0, 1.0]], [[-0.5766563415527344, -0.46003130078315735, -0.6751582026481628, 0.024742186069488525], [0.4682319760322571, 0.49111583828926086, -0.7345502376556396, 0.12426704168319702], [0.669497013092041, -0.739713728427887, -0.06780372560024261, -0.6455504894256592], [0.0, 0.0, 0.0, 1.0]], [[-0.5696128606796265, -0.5009141564369202, -0.6516334414482117, 0.025542285293340683], [0.4379672408103943, 0.4859064221382141, -0.7563595175743103, 0.12379352748394012], [0.6955040693283081, -0.7162261009216309, -0.05739447474479675, -0.6452658176422119], [0.0, 0.0, 0.0, 1.0]], [[-0.5589089393615723, -0.5401928424835205, -0.6291363835334778, 0.026003599166870117], [0.4051986038684845, 0.4840395450592041, -0.7755772471427917, 0.12349388003349304], [0.7234880328178406, -0.6884022355079651, -0.051648616790771484, -0.6450666189193726], [0.0, 0.0, 0.0, 1.0]], [[-0.545224666595459, -0.5753035545349121, -0.6097179055213928, 0.026560179889202118], [0.3803775906562805, 0.4783632755279541, -0.7915058732032776, 0.12317913770675659], [0.7470227479934692, -0.6634715795516968, -0.04198291897773743, -0.6447243690490723], [0.0, 0.0, 0.0, 1.0]], [[-0.5302881598472595, -0.6089119911193848, -0.5899326205253601, 0.027213485911488533], [0.3574284613132477, 0.47040092945098877, -0.8068257570266724, 0.12284703552722931], [0.7687907814979553, -0.6387089490890503, -0.03180554509162903, -0.6442934274673462], [0.0, 0.0, 0.0, 1.0]], [[-0.5128324031829834, -0.640194296836853, -0.5719740390777588, 0.02797212451696396], [0.3324745297431946, 0.4661566913127899, -0.8198529481887817, 0.12254602462053299], [0.7914945483207703, -0.6106139421463013, -0.026211977005004883, -0.6437627673149109], [0.0, 0.0, 0.0, 1.0]], [[-0.4931368827819824, -0.6730755567550659, -0.5511673092842102, 0.02876092493534088], [0.3050471544265747, 0.4595491290092468, -0.834122896194458, 0.12203454971313477], [0.814716100692749, -0.5794687271118164, -0.021300852298736572, -0.6430888175964355], [0.0, 0.0, 0.0, 1.0]], [[-0.4702613055706024, -0.7034294605255127, -0.5329552292823792, 0.030046913772821426], [0.2805609107017517, 0.45340776443481445, -0.8459947109222412, 0.12149424105882645], [0.8367437124252319, -0.5473649501800537, -0.015865281224250793, -0.6425910592079163], [0.0, 0.0, 0.0, 1.0]], [[-0.44499439001083374, -0.7383241057395935, -0.5068111419677734, 0.03132619708776474], [0.250226765871048, 0.44087982177734375, -0.8619813323020935, 0.12096871435642242], [0.859864354133606, -0.5103945732116699, -0.011440619826316833, -0.6422189474105835], [0.0, 0.0, 0.0, 1.0]], [[-0.42263805866241455, -0.7682833671569824, -0.48074695467948914, 0.031790755689144135], [0.2283402681350708, 0.42307186126708984, -0.876852810382843, 0.12050940841436386], [0.8770620226860046, -0.4803653359413147, -0.0033762305974960327, -0.642098605632782], [0.0, 0.0, 0.0, 1.0]], [[-0.40177688002586365, -0.7902536988258362, -0.46268191933631897, 0.032386165112257004], [0.21444012224674225, 0.4100150763988495, -0.8865118026733398, 0.12000701576471329], [0.8902757167816162, -0.45539748668670654, 0.00472751259803772, -0.6414448022842407], [0.0, 0.0, 0.0, 1.0]], [[-0.370201051235199, -0.8128762245178223, -0.4496481418609619, 0.03322739899158478], [0.1997460424900055, 0.4030608832836151, -0.8931089639663696, 0.11875544488430023], [0.9072225689888, -0.4204452633857727, 0.01315528154373169, -0.6413212418556213], [0.0, 0.0, 