{"object_poses": [[[0.9999752640724182, 0.004091564565896988, 0.005722534842789173, -0.0039494214579463005], [0.003971230238676071, -0.9997739791870117, 0.020881637930870056, 0.0421428382396698], [0.0058066751807928085, -0.020858392119407654, -0.9997655749320984, -0.7602728009223938], [0.0, 0.0, 0.0, 1.0]], [[0.9999930262565613, 0.0019195955246686935, 0.0032050535082817078, -0.0038059495855122805], [0.0018422696739435196, -0.999711275100708, 0.02395780384540558, 0.04211418330669403], [0.003250105306506157, -0.02395172417163849, -0.9997077584266663, -0.7604804039001465], [0.0, 0.0, 0.0, 1.0]], [[0.9999974966049194, 0.001630593091249466, 0.0015492402017116547, -0.00373543007299304], [0.0015936046838760376, -0.9997205138206482, 0.023585259914398193, 0.04212595522403717], [0.00158725306391716, -0.023582741618156433, -0.9997206330299377, -0.7607587575912476], [0.0, 0.0, 0.0, 1.0]], [[0.9999995231628418, 0.0010427571833133698, -4.9720052629709244e-05, -0.003708377480506897], [0.001043727621436119, -0.999616265296936, 0.027680248022079468, 0.042224764823913574], [-2.0861858502030373e-05, -0.02768029272556305, -0.9996168613433838, -0.7610965967178345], [0.0, 0.0, 0.0, 1.0]], [[0.9999973177909851, 0.0023029278963804245, -2.3344997316598892e-05, -0.0035477071069180965], [0.002302810549736023, -0.9996970295906067, 0.024505510926246643, 0.04227761924266815], [3.310851752758026e-05, -0.024505525827407837, -0.9996997117996216, -0.7611595392227173], [0.0, 0.0, 0.0, 1.0]], [[0.999994695186615, 0.0032204575836658478, 0.0004127509891986847, -0.003373671555891633], [0.0032112598419189453, -0.9997817873954773, 0.020642340183258057, 0.042188435792922974], [0.0004791482351720333, -0.02064092457294464, -0.9997868537902832, -0.7612252235412598], [0.0, 0.0, 0.0, 1.0]], [[0.9999985098838806, 0.0015033576637506485, 0.0008119856938719749, -0.0033804893027991056], [0.0014849025756120682, -0.9997507929801941, 0.022274360060691833, 0.04236336052417755], [0.0008452939800918102, -0.02227310836315155, -0.9997515678405762, -0.7613512277603149], [0.0, 0.0, 0.0, 1.0]], [[0.9999956488609314, 0.0010590516030788422, 0.0027634422294795513, -0.003243600483983755], [0.0009986571967601776, -0.9997625946998596, 0.02176874876022339, 0.0423603355884552], [0.0027858337853103876, -0.02176588773727417, -0.9997592568397522, -0.7616628408432007], [0.0, 0.0, 0.0, 1.0]], [[0.9999982714653015, 0.001314111053943634, 0.0013192635960876942, -0.0030198143795132637], [0.001284165307879448, -0.9997472167015076, 0.022448629140853882, 0.042430609464645386], [0.0013484202791005373, -0.0224468857049942, -0.9997471570968628, -0.7618160843849182], [0.0, 0.0, 0.0, 1.0]], [[0.9999990463256836, 0.0014099907130002975, -0.00017570797353982925, -0.0026265198830515146], [0.0014134272933006287, -0.9997695684432983, 0.02142268419265747, 0.042360007762908936], [-0.00014547258615493774, -0.021422922611236572, -0.9997706413269043, -0.7620397806167603], [0.0, 0.0, 0.0, 1.0]], [[0.9999979734420776, 0.0018024388700723648, -0.0009019174613058567, -0.002311330521479249], [0.0018195193260908127, -0.9998118877410889, 0.01931007206439972, 0.042334720492362976], [-0.0008669225499033928, -0.01931166648864746, -0.9998131394386292, -0.7620773315429688], [0.0, 0.0, 0.0, 1.0]], [[0.999999463558197, 0.000963166356086731, -0.00035222573205828667, -0.0019031809642910957], [0.0009687989950180054, -0.999866247177124, 0.016328126192092896, 0.042253971099853516], [-0.0003364458680152893, -0.016328439116477966, -0.9998666048049927, -0.7622107863426208], [0.0, 0.0, 0.0, 1.0]], [[0.9999997019767761, 0.0005900189280509949, 0.00028704386204481125, -0.0015771836042404175], [0.0005854219198226929, -0.9998754858970642, 0.0157720148563385, 0.042226314544677734], [0.00029632868245244026, -0.015771836042404175, -0.999875545501709, -0.7621832489967346], [0.0, 0.0, 0.0, 1.0]], [[0.9999943971633911, -0.001981576904654503, -0.00268040644004941, -0.0011316940654069185], [-0.001931358128786087, -0.9998250007629395, 0.01860910654067993, 0.04213446378707886], [-0.0027168425731360912, -0.018603816628456116, -0.9998232126235962, -0.7622897028923035], [0.0, 0.0, 0.0, 1.0]], [[0.9999933242797852, -0.0016756150871515274, -0.003248021937906742, -0.0007298272103071213], [-0.0016186516731977463, -0.9998462796211243, 0.01746143400669098, 0.04204149544239044], [-0.003276762319728732, -0.0174560546875, -0.9998422861099243, -0.7622783184051514], [0.0, 0.0, 0.0, 1.0]], [[0.9999954104423523, -0.0008260197937488556, -0.0029195277020335197, -0.00041192746721208096], [-0.0007727369666099548, -0.9998340606689453, 0.01820524036884308, 0.04191555082798004], [-0.002934075426310301, -0.01820291578769684, -0.9998300671577454, -0.762381911277771], [0.0, 0.0, 0.0, 1.0]], [[0.9999979734420776, -0.0003848876804113388, -0.0019475300796329975, -0.00015729921869933605], [-0.0003484003245830536, -0.999825119972229, 0.018697798252105713, 0.041648104786872864], [-0.001954362727701664, -0.01869705319404602, -0.9998232126235962, -0.7625046372413635], [0.0, 0.0, 0.0, 1.0]], [[0.999999463558197, 0.0005687903612852097, -0.0009008562192320824, 0.00023881485685706139], [0.0005838777869939804, -0.9998580813407898, 0.016837939620018005, 0.04135394096374512], [-0.0008911476470530033, -0.016838446259498596, -0.9998578429222107, -0.7625861763954163], [0.0, 0.0, 0.0, 1.0]], [[0.9999997019767761, 0.0007679015398025513, 0.00028066104277968407, 0.00031565409153699875], [0.0007632672786712646, -0.9998688101768494, 0.016180753707885742, 0.04118640720844269], [0.0002930168993771076, -0.016180530190467834, -0.999869167804718, -0.7627335786819458], [0.0, 0.0, 0.0, 1.0]], [[0.999998152256012, 0.0008176323026418686, -0.001705207396298647, 0.0004921036306768656], [0.000844314694404602, -0.9998763799667358, 0.015704169869422913, 0.04096329212188721], [-0.0016921516507863998, -0.015705570578575134, -0.9998751878738403, -0.7627883553504944], [0.0, 0.0, 0.0, 1.0]], [[0.9999910593032837, 0.0007309820502996445, -0.004171983804553747, 0.000695930328220129], [0.0007869899272918701, -0.9999094009399414, 0.013440743088722229, 0.040741607546806335], [-0.004161776043474674, -0.013443902134895325, -0.9999009966850281, -0.7627739310264587], [0.0, 0.0, 0.0, 1.0]], [[0.9999839067459106, -0.0007776729762554169, -0.00562139181420207, 0.0007776175625622272], [-0.000696871429681778, -0.9998966455459595, 0.014362066984176636, 0.04050120711326599], [-0.0056319753639400005, -0.014357894659042358, -0.9998810887336731, -0.762531042098999], [0.0, 0.0, 0.0, 1.0]], [[0.9999860525131226, -0.0009462498128414154, -0.0051937103271484375, 0.0008753484580665827], [-0.0008729007095098495, -0.9999000430107117, 0.01410500705242157, 0.040564700961112976], [-0.005206515081226826, -0.014100268483161926, -0.9998869895935059, -0.7622861862182617], [0.0, 0.0, 0.0, 1.0]], [[0.9999855160713196, -0.0010435134172439575, -0.005272877402603626, 0.0008538884576410055], [-0.000975312665104866, -0.9999160766601562, 0.012919917702674866, 0.04057611525058746], [-0.005285920575261116, -0.012914568185806274, -0.9999026656150818, -0.76207435131073], [0.0, 0.0, 0.0, 1.0]], [[0.9999872446060181, -0.000813974067568779, -0.004965518601238728, 0.0008450907189399004], [-0.0007550958544015884, -0.9999295473098755, 0.011847451329231262, 0.04067660868167877], [-0.004974766634404659, -0.011843547224998474, -0.9999174475669861, -0.7617123126983643], [0.0, 0.0, 0.0, 1.0]], [[0.9999755620956421, -0.0019276831299066544, -0.006733986549079418, 0.0008633020333945751], [-0.0018432959914207458, -0.9999200105667114, 0.012514039874076843, 0.04069902002811432], [-0.006757564842700958, -0.012501314282417297, -0.9998990893363953, -0.761420726776123], [0.0, 0.0, 0.0, 1.0]], [[0.9999551773071289, -0.002905348315834999, -0.00900766346603632, 0.000984312267974019], [-0.002768309786915779, -0.999880850315094, 0.015188708901405334, 0.040572673082351685], [-0.00905073992908001, -0.015163078904151917, -0.9998440742492676, -0.7612526416778564], [0.0, 0.0, 0.0, 1.0]], [[0.9999473094940186, -0.003410717472434044, -0.009681381285190582, 0.0010185325518250465], [-0.0032627899199724197, -0.9998783469200134, 0.015254124999046326, 0.04051664471626282], [-0.009732253849506378, -0.015221729874610901, -0.999836802482605, -0.7610658407211304], [0.0, 0.0, 0.0, 1.0]], [[0.99994957447052, -0.004178255796432495, -0.009133551269769669, 0.0009721680544316769], [-0.004028528928756714, -0.9998582601547241, 0.01635080575942993, 0.040490925312042236], [-0.009200556203722954, -0.01631319522857666, -0.9998247027397156, -0.7610753774642944], [0.0, 0.0, 0.0, 1.0]], [[0.999967098236084, -0.003339270129799843, -0.007403391879051924, 0.0009679317008703947], [-0.003203466534614563, -0.9998278021812439, 0.018279537558555603, 0.04050818085670471], [-0.007463137619197369, -0.018255218863487244, -0.9998055100440979, -0.7609343528747559], [0.0, 0.0, 0.0, 1.0]], [[0.9999847412109375, 0.0011823046952486038, -0.005411187652498484, 0.0007528527639806271], [0.0013170689344406128, -0.9996873140335083, 0.024968639016151428, 0.04077236354351044], [-0.005379962734878063, -0.024975359439849854, -0.9996735453605652, -0.7605006694793701], [0.0, 0.0, 0.0, 1.0]], [[0.9999198317527771, 0.009536460041999817, -0.008327271789312363, -2.469867467880249e-06], [0.009813997894525528, -0.9993753433227539, 0.03394913673400879, 0.041429296135902405], [-0.007998321205377579, -0.03402814269065857, -0.9993888735771179, -0.7601991295814514], [0.0, 0.0, 0.0, 1.0]], [[0.999580979347229, 0.010051140561699867, -0.027147920802235603, -0.0014272159896790981], [0.011439979076385498, -0.9986076354980469, 0.051497191190719604, 0.042040690779685974], [-0.02659248560667038, -0.051786214113235474, -0.9983041882514954, -0.7600966095924377], [0.0, 0.0, 0.0, 1.0]], [[0.9972320199012756, 0.0017453674226999283, -0.07433312386274338, -0.003077337285503745], [0.007866747677326202, -0.9965898990631104, 0.08213768899440765, 0.042111366987228394], [-0.07393626868724823, -0.0824950635433197, -0.9938451051712036, -0.7607938051223755], [0.0, 0.0, 0.0, 1.0]], [[0.9906452894210815, -0.013247184455394745, -0.1358177661895752, -0.005133109167218208], [0.0029371678829193115, -0.9929765462875366, 0.11827489733695984, 0.04199777543544769], [-0.13643066585063934, -0.11756740510463715, -0.9836485385894775, -0.7617737054824829], [0.0, 0.0, 0.0, 1.0]], [[0.979487955570221, -0.029877645894885063, -0.199275404214859, -0.007135244086384773], [0.002134408801794052, -0.9873524308204651, 0.15852633118629456, 0.04169803857803345], [-0.20149144530296326, -0.1556999534368515, -0.9670360088348389, -0.762430727481842], [0.0, 0.0, 0.0, 1.0]], [[0.9630089402198792, -0.053072039037942886, -0.26419150829315186, -0.008690700866281986], [-1.1436641216278076e-05, -0.9804215431213379, 0.1969100534915924, 0.04109998047351837], [-0.2694694697856903, -0.18962311744689941, -0.9441553354263306, -0.7626522183418274], [0.0, 0.0, 0.0, 1.0]], [[0.9395586252212524, -0.08289286494255066, -0.332202285528183, -0.009449413977563381], [-0.0020955055952072144, -0.9716247916221619, 0.23651829361915588, 0.039928555488586426], [-0.34238162636756897, -0.22152666747570038, -0.9130721688270569, -0.7623531818389893], [0.0, 0.0, 0.0, 1.0]], [[0.9055584073066711, -0.13579514622688293, -0.4019000828266144, -0.010076615028083324], [-0.012523114681243896, -0.95552659034729, 0.29463905096054077, 0.038050830364227295], [-0.42403677105903625, -0.26177978515625, -0.8669856786727905, -0.7623792290687561], [0.0, 0.0, 0.0, 1.0]], [[0.8612280488014221, -0.20578624308109283, -0.46469148993492126, -0.009826939553022385], [-0.027772441506385803, -0.9320439696311951, 0.36127930879592896, 0.03543612360954285], [-0.5074592232704163, -0.29823827743530273, -0.8084176182746887, -0.7622314095497131], [0.0, 0.0, 0.0, 1.0]], [[0.8158611059188843, -0.27845069766044617, -0.506790041923523, -0.008346994407474995], [-0.05357030779123306, -0.9090505242347717, 0.4132280945777893, 0.03171491622924805], [-0.5757613778114319, -0.30998772382736206, -0.7565755844116211, -0.761834442615509], [0.0, 0.0, 0.0, 1.0]], [[0.7660178542137146, -0.35152438282966614, -0.5381889343261719, -0.006444861181080341], [-0.09801499545574188, -0.8913140892982483, 0.4426650404930115, 0.027201667428016663], [-0.6353029012680054, -0.2863386869430542, -0.7172171473503113, -0.761532187461853], [0.0, 0.0, 0.0, 1.0]], [[0.7170440554618835, -0.4091058075428009, -0.5643404722213745, -0.004287932068109512], [-0.13975663483142853, -0.8775798678398132, 0.4586084485054016, 0.022988900542259216], [-0.6828731894493103, -0.2499721795320511, -0.6864386200904846, -0.7610144019126892], [0.0, 0.0, 0.0, 1.0]], [[0.6871306896209717, -0.4527912437915802, -0.568182647228241, -0.0014598541893064976], [-0.17391036450862885, -0.8618168234825134, 0.4764734208583832, 0.019781216979026794], [-0.7054123878479004, -0.22858673334121704, -0.6709259152412415, -0.7602078914642334], [0.0, 0.0, 0.0, 1.0]], [[0.6612503528594971, -0.500044047832489, -0.5591994524002075, 0.0011603347957134247], [-0.21315349638462067, -0.8399524688720703, 0.49904465675354004, 0.016995981335639954], [-0.7192452549934387, -0.21079811453819275, -0.6620050668716431, -0.7598168253898621], [0.0, 0.0, 0.0, 1.0]], [[0.6219944357872009, -0.5484371781349182, -0.5588735342025757, 0.0029999511316418648], [-0.2469022572040558, -0.8146981596946716, 0.524696409702301, 0.01367652416229248], [-0.7430761456489563, -0.18837112188339233, -0.6421481370925903, -0.7606092691421509], [0.0, 0.0, 0.0, 1.0]], [[0.5789170861244202, -0.5949870944023132, -0.5575351715087891, 0.004594209138303995], [-0.2847559154033661, -0.7882428765296936, 0.5455158352851868, 0.010389596223831177], [-0.7640478014945984, -0.15704703330993652, -0.6257534027099609, -0.7611581087112427], [0.0, 0.0, 0.0, 1.0]], [[0.5559322834014893, -0.627729058265686, -0.5448812246322632, 0.006964599248021841], [-0.30846652388572693, -0.7645043134689331, 0.5660226345062256, 0.007936537265777588], [-0.7718728184700012, -0.14659269154071808, -0.6186460256576538, -0.7605855464935303], [0.0, 0.0, 0.0, 1.0]], [[0.5630009770393372, -0.632397472858429, -0.5320745706558228, 0.008943294174969196], [-0.31555601954460144, -0.7595150470733643, 0.5688245296478271, 0.006868720054626465], [-0.7638418078422546, -0.15234938263893127, -0.6271645426750183, -0.759385883808136], [0.0, 0.0, 0.0, 1.0]], [[0.569246232509613, -0.6322988867759705, -0.5255063772201538, 0.009308548644185066], [-0.3174753487110138, -0.7586458325386047, 0.5689165592193604, 0.006230875849723816], [-0.7583984732627869, -0.1570182889699936, -0.6325955986976624, -0.7585380673408508], [0.0, 0.0, 0.0, 1.0]], [[0.541933000087738, -0.6573441028594971, -0.523648202419281, 0.00846718531101942], [-0.32754451036453247, -0.7390100359916687, 0.5887094736099243, 0.0055217444896698], [-0.7739658951759338, -0.14752298593521118, -0.6158033609390259, -0.7580561637878418], [0.0, 0.0, 0.0, 1.0]], [[0.5158488154411316, -0.6746581196784973, -0.5279549956321716, 0.007124830968677998], [-0.3162290155887604, -0.7227151393890381, 0.6145585179328918, 0.005012914538383484], [-0.796177864074707, -0.1500646471977234, -0.586158275604248, -0.7586556673049927], [0.0, 0.0, 0.0, 1.0]], [[0.5066746473312378, -0.6692529916763306, -0.5434898138046265, 0.00705924816429615], [-0.29526287317276, -0.7269778847694397, 0.6199378371238708, 0.004816338419914246], [-0.8100003600120544, -0.1536344587802887, -0.5659468770027161, -0.7579342722892761], [0.0, 0.0, 0.0, 1.0]], [[0.4980219304561615, -0.6655144095420837, -0.5559359788894653, 0.008001240901648998], [-0.32286930084228516, -0.737310528755188, 0.5934042930603027, 0.004830002784729004], [-0.8048165440559387, -0.11603368818759918, -0.5820709466934204, -0.7559475302696228], [0.0, 0.0, 0.0, 1.0]], [[0.47279828786849976, -0.6755578517913818, -0.5657591819763184, 0.009799000807106495], [-0.35072025656700134, -0.7332774996757507, 0.5824941992759705, 0.006631538271903992], [-0.8083669543266296, -0.07697908580303192, -0.5836241245269775, -0.7544292211532593], [0.0, 0.0, 0.0, 1.0]], [[0.4069388210773468, -0.7369334101676941, -0.5397500395774841, 0.011872151866555214], [-0.3918095827102661, -0.6745891571044922, 0.6256316304206848, 0.011448994278907776], [-0.8251581788063049, -0.0431145578622818, -0.5632540583610535, -0.7526447772979736], [0.0, 0.0, 0.0, 1.0]], [[0.31943583488464355, -0.7878469228744507, -0.5265529155731201, 0.015263443812727928], [-0.4127742648124695, -0.6158639192581177, 0.671065628528595, 0.017517447471618652], [-0.8529819250106812, 0.002985037863254547, -0.5219319462776184, -0.7499815225601196], [0.0, 0.0, 0.0, 1.0]], [[0.22808893024921417, -0.8198162913322449, -0.5252395868301392, 0.020685458555817604], [-0.4652290344238281, -0.5656590461730957, 0.6808756589889526, 0.022529318928718567], [-0.8552995324134827, 0.08905655145645142, -0.510422945022583, -0.7452247142791748], [0.0, 0.0, 0.0, 1.0]], [[0.12848171591758728, -0.8132837414741516, -0.5675051808357239, 0.027613159269094467], [-0.5036632418632507, -0.5464650392532349, 0.6691034436225891, 0.02527044713497162], [-0.8542925715446472, 0.19986389577388763, -0.47983187437057495, -0.7390241026878357], [0.0, 0.0, 0.0, 1.0]], [[0.023247255012392998, -0.7741868495941162, -0.6325302124023438, 0.03520442545413971], [-0.5350394248962402, -0.5440998673439026, 0.6462880373001099, 0.02672882378101349], [-0.8445072174072266, 0.3234041929244995, -0.42686933279037476, -0.7323835492134094], [0.0, 0.0, 0.0, 1.0]], [[-0.08051057904958725, -0.7195399403572083, -0.6897683143615723, 0.04309569671750069], [-0.5786560773849487, -0.5297195315361023, 0.6201245188713074, 0.028360649943351746], [-0.8115880489349365, 0.449065238237381, -0.37371817231178284, -0.726691484451294], [0.0, 0.0, 0.0, 1.0]], [[-0.1877058744430542, -0.6528192162513733, -0.7338892221450806, 0.05060187354683876], [-0.6295302510261536, -0.49357330799102783, 0.6000641584396362, 0.030766025185585022], [-0.7539616227149963, 0.5746410489082336, -0.3183228373527527, -0.7219108939170837], [0.0, 0.0, 0.0, 1.0]], [[-0.29054734110832214, -0.5648785829544067, -0.7723304629325867, 0.057356882840394974], [-0.683441162109375, -0.4424028694629669, 0.5806787610054016, 0.033673495054244995], [-0.6696942448616028, 0.6965572237968445, -0.2575223445892334, -0.7184910178184509], [0.0, 0.0, 0.0, 1.0]], [[-0.3732765018939972, -0.4586487114429474, -0.8064156770706177, 0.06282447278499603], [-0.7331416606903076, -0.3868105709552765, 0.5593576431274414, 0.03632548451423645], [-0.5684786438941956, 0.8000119924545288, -0.1918671578168869, -0.7167878150939941], [0.0, 0.0, 0.0, 1.0]], [[-0.4311641454696655, -0.3686317205429077, -0.8235339522361755, 0.06559700518846512], [-0.7647718191146851, -0.33500975370407104, 0.5503567457199097, 0.03833511471748352], [-0.4787708520889282, 0.8671096563339233, -0.13747498393058777, -0.7170779705047607], [0.0, 0.0, 0.0, 1.0]], [[-0.4593978822231293, -0.3261858820915222, -0.8261696696281433, 0.06453053653240204], [-0.7783942222595215, -0.3001892566680908, 0.5513518452644348, 0.03878501057624817], [-0.4278504252433777, 0.8963755965232849, -0.1159949079155922, -0.7176541090011597], [0.0, 0.0, 0.0, 1.0]], [[-0.46086615324020386, -0.30936792492866516, -0.8318015933036804, 0.06090282276272774], [-0.7879711985588074, -0.2885628044605255, 0.5439053773880005, 0.03745675086975098], [-0.40829387307167053, 0.9061031341552734, -0.11078420281410217, -0.7178903818130493], [0.0, 0.0, 0.0, 1.0]], [[-0.44682207703590393, -0.2871055603027344, -0.8473019003868103, 0.056370098143815994], [-0.798835039138794, -0.2983413338661194, 0.522355318069458, 0.03478018939495087], [-0.40275633335113525, 0.9102542996406555, -0.09604448825120926, -0.7185235023498535], [0.0, 0.0, 0.0, 1.0]], [[-0.42744746804237366, -0.271212637424469, -0.8623992800712585, 0.051282819360494614], [-0.8069542050361633, -0.315603107213974, 0.49921900033950806, 0.03169018030166626], [-0.4075702428817749, 0.9093065857887268, -0.08395242691040039, -0.7200865745544434], [0.0, 0.0, 0.0, 1.0]], [[-0.40530404448509216, -0.2908955216407776, -0.8666651844978333, 0.04570888727903366], [-0.814059853553772, -0.31652921438217163, 0.4869454801082611, 0.028760194778442383], [-0.41597503423690796, 0.9028781652450562, -0.10851584374904633, -0.7219630479812622], [0.0, 0.0, 0.0, 1.0]], [[-0.39532342553138733, -0.3242083191871643, -0.8594234585762024, 0.04008186608552933], [-0.8110973834991455, -0.3159046769142151, 0.4922657310962677, 0.026165828108787537], [-0.43109244108200073, 0.8916800022125244, -0.13807997107505798, -0.7237159609794617], [0.0, 0.0, 0.0, 1.0]], [[-0.410483717918396, -0.3416023552417755, -0.8454650640487671, 0.03703148290514946], [-0.8161656856536865, -0.2758581042289734, 0.5077165365219116, 0.025921806693077087], [-0.406665563583374, 0.8984487652778625, -0.16556881368160248, -0.7251616716384888], [0.0, 0.0, 0.0, 1.0]], [[-0.4259491562843323, -0.3286771774291992, -0.8429346084594727, 0.03664616122841835], [-0.8140181303024292, -0.2674281597137451, 0.5156128406524658, 0.024932831525802612], [-0.3948945999145508, 0.9057888984680176, -0.15363839268684387, -0.7266348004341125], [0.0, 0.0, 0.0, 1.0]], [[-0.43912312388420105, -0.31953227519989014, -0.8396844863891602, 0.0365360863506794], [-0.8102623224258423, -0.2629140615463257, 0.5237854719161987, 0.02392496168613434], [-0.38813117146492004, 0.9103710055351257, -0.14345335960388184, -0.7274036407470703], [0.0, 0.0, 0.0, 1.0]], [[-0.45641982555389404, -0.3223186433315277, -0.8293319940567017, 0.035666923969984055], [-0.8019864559173584, -0.25465458631515503, 0.5403414964675903, 0.022943556308746338], [-0.38535529375076294, 0.9117355346679688, -0.14226576685905457, -0.7273470759391785], [0.0, 0.0, 0.0, 1.0]], [[-0.4807349443435669, -0.3063049912452698, -0.8216272592544556, 0.034696731716394424], [-0.7930099964141846, -0.24799880385398865, 0.5564456582069397, 0.02226094901561737], [-0.37420469522476196, 0.9190614223480225, -0.12368126958608627, -0.727781355381012], [0.0, 0.0, 0.0, 1.0]], [[-0.5099532008171082, -0.2788006365299225, -0.8137676119804382, 0.03355590999126434], [-0.7837012410163879, -0.23942328989505768, 0.5731393694877625, 0.021556586027145386], [-0.3546265959739685, 0.9300251007080078, -0.09640178829431534, -0.7289553284645081], [0.0, 0.0, 0.0, 1.0]], [[-0.5387603044509888, -0.2534627318382263, -0.8034266233444214, 0.031755298376083374], [-0.7745919227600098, -0.22597424685955048, 0.590714156627655, 0.021418049931526184], [-0.3312777578830719, 0.9405808448791504, -0.07458426058292389, -0.7300389409065247], [0.0, 0.0, 0.0, 1.0]], [[-0.5554409623146057, -0.22374889254570007, -0.8008882403373718, 0.030336374416947365], [-0.7752170562744141, -0.20914596319198608, 0.5960676670074463, 0.021660655736923218], [-0.30087196826934814, 0.9519424438476562, -0.05728574097156525, -0.7299454808235168], [0.0, 0.0, 0.0, 1.0]], [[-0.5676990151405334, -0.18879665434360504, -0.8012949824333191, 0.029276646673679352], [-0.7710908055305481, -0.21896399557590485, 0.597891092300415, 0.023180082440376282], [-0.28833460807800293, 0.9572933912277222, -0.02127375453710556, -0.7296153903007507], [0.0, 0.0, 0.0, 1.0]], [[-0.5842586755752563, -0.1495639681816101, -0.7976669073104858, 0.0277665164321661], [-0.7563963532447815, -0.2558487057685852, 0.6020017862319946, 0.024477452039718628], [-0.29411983489990234, 0.9550769329071045, 0.03635217249393463, -0.7294299006462097], [0.0, 0.0, 0.0, 1.0]], [[-0.6024087071418762, -0.10069886595010757, -0.7918102741241455, 0.025916963815689087], [-0.7374505400657654, -0.3093458116054535, 0.6003931164741516, 0.02637365460395813], [-0.30540210008621216, 0.9456030130386353, 0.11209217458963394, -0.728190541267395], [0.0, 0.0, 0.0, 1.0]], [[-0.6120535731315613, -0.05231849476695061, -0.7890837788581848, 0.02444000542163849], [-0.7251339554786682, -0.3610135316848755, 0.5863871574401855, 0.028634294867515564], [-0.31554877758026123, 0.931091845035553, 0.1830216944217682, -0.7254005670547485], [0.0, 0.0, 0.0, 1.0]], [[-0.6241741180419922, 0.008254652842879295, -0.7812416553497314, 0.022613324224948883], [-0.7151591181755066, -0.4086451232433319, 0.5670595765113831, 0.03065909445285797], [-0.31456977128982544, 0.9126560688018799, 0.2609690725803375, -0.7221693396568298], [0.0, 0.0, 0.0, 1.0]], [[-0.6523758172988892, 0.07646234333515167, -0.7540286779403687, 0.020439350977540016], [-0.6914359331130981, -0.4674559235572815, 0.550818920135498, 0.031212851405143738], [-0.31035828590393066, 0.8807034492492676, 0.35782575607299805, -0.7186490297317505], [0.0, 0.0, 0.0, 1.0]], [[-0.6909555196762085, 0.15629304945468903, -0.7057996392250061, 0.017747556790709496], [-0.6602302193641663, -0.5340667963027954, 0.5280803442001343, 0.03225485980510712], [-0.29440879821777344, 0.8308702707290649, 0.47220578789711, -0.715029776096344], [0.0, 0.0, 0.0, 1.0]], [[-0.7350245118141174, 0.2415105700492859, -0.6335704922676086, 0.015558354556560516], [-0.6219203472137451, -0.61236572265625, 0.48808127641677856, 0.033611759543418884], [-0.27010008692741394, 0.7527821063995361, 0.600304126739502, -0.7117753028869629], [0.0, 0.0, 0.0, 1.0]], [[-0.7880122661590576, 0.3029116690158844, -0.5359862446784973, 0.014180384576320648], [-0.5675069093704224, -0.6949116587638855, 0.44162631034851074, 0.034403592348098755], [-0.23868930339813232, 0.6521828174591064, 0.7195033431053162, -0.7089189291000366], [0.0, 0.0, 0.0, 1.0]], [[-0.8236954808235168, 0.35327571630477905, -0.44353365898132324, 0.013658580370247364], [-0.5322538018226624, -0.7514331936836243, 0.38994115591049194, 0.03495286405086517], [-0.19552910327911377, 0.5572652816772461, 0.8069844245910645, -0.7062832117080688], [0.0, 0.0, 0.0, 1.0]], [[-0.8555968403816223, 0.37793847918510437, -0.3537181317806244, 0.014601281844079494], [-0.49435046315193176, -0.7992458343505859, 0.3417947590351105, 0.034843847155570984], [-0.15353034436702728, 0.467299222946167, 0.8706663250923157, -0.7034568786621094], [0.0, 0.0, 0.0, 1.0]], [[-0.8795564770698547, 0.3790815770626068, -0.2875370383262634, 0.017396969720721245], [-0.4579949676990509, -0.8383073806762695, 0.2957724928855896, 0.03420896828174591], [-0.1289224773645401, 0.39183908700942993, 0.9109561443328857, -0.7007969617843628], [0.0, 0.0, 0.0, 1.0]], [[-0.9015451669692993, 0.3767913281917572, -0.21270787715911865, 0.020052678883075714], [-0.42219579219818115, -0.8736408948898315, 0.24187308549880981, 0.033533185720443726], [-0.09469461441040039, 0.30786389112472534, 0.9467063546180725, -0.6996221542358398], [0.0, 0.0, 0.0, 1.0]], [[-0.9212957620620728, 0.37052449584007263, -0.11800695210695267, 0.021963102743029594], [-0.3874168395996094, -0.9007288217544556, 0.1964578777551651, 0.03237345814704895], [-0.03349980711936951, 0.22671371698379517, 0.9733850955963135, -0.7003111243247986], [0.0, 0.0, 0.0, 1.0]], [[-0.9346855282783508, 0.3553326427936554, -0.010091212578117847, 0.02347312495112419], [-0.35270455479621887, -0.9234868288040161, 0.1509026288986206, 0.03087693452835083], [0.04430151730775833, 0.14460569620132446, 0.988497257232666, -0.7016942501068115], [0.0, 0.0, 0.0, 1.0]], [[-0.9412448406219482, 0.3302997350692749, 0.07042825222015381, 0.02529071643948555], [-0.32272595167160034, -0.9411248564720154, 0.10065766423940659, 0.029733091592788696], [0.099528968334198, 0.07201450318098068, 0.992425262928009, -0.7042238116264343], [0.0, 0.0, 0.0, 1.0]], [[-0.9470844268798828, 0.29963448643684387, 0.11511028558015823, 0.02690116874873638], [-0.2945595681667328, -0.9537961483001709, 0.05922533571720123, 0.02851542830467224], [0.12753765285015106, 0.022184565663337708, 0.9915856719017029, -0.7078543305397034], [0.0, 0.0, 0.0, 1.0]], [[-0.9485224485397339, 0.29600900411605835, 0.11262238770723343, 0.027147943153977394], [-0.2971842885017395, -0.9547973275184631, 0.006593838334083557, 0.029020220041275024], [0.10948336869478226, -0.027215182781219482, 0.993615984916687, -0.7091522812843323], [0.0, 0.0, 0.0, 1.0]], [[-0.9551630616188049, 0.2606857717037201, 0.14037984609603882, 0.026381710544228554], [-0.268575519323349, -0.9624190330505371, -0.040208324790000916, 0.030765965580940247], [0.12462247908115387, -0.07610808312892914, 0.9892808794975281, -0.7086014151573181], [0.0, 0.0, 0.0, 1.0]], [[-0.9640909433364868, 0.21412107348442078, 0.15710170567035675, 0.025392143055796623], [-0.22917285561561584, -0.9696904420852661, -0.08473677933216095, 0.03218640387058258], [0.13419608771800995, -0.11769740283489227, 0.9839404821395874, -0.709773063659668], [0.0, 0.0, 0.0, 1.0]], [[-0.9650189280509949, 0.19019678235054016, 0.1804543435573578, 0.023216446861624718], [-0.2140485644340515, -0.9690032005310059, -0.12335306406021118, 0.033318549394607544], [0.15139947831630707, -0.15766401588916779, 0.9758177995681763, -0.7123185396194458], [0.0, 0.0, 0.0, 1.0]], [[-0.9668218493461609, 0.17612124979496002, 0.18503205478191376, 0.02124246582388878], [-0.20762740075588226, -0.9637527465820312, -0.16754569113254547, 0.034355297684669495], [0.1488167643547058, -0.200404554605484, 0.9683448076248169, -0.7145310640335083], [0.0, 0.0, 0.0, 1.0]], [[-0.9731673002243042, 0.1569300889968872, 0.16828055679798126, 0.020589936524629593], [-0.19272269308567047, -0.955460786819458, -0.22350098192691803, 0.03607325255870819], [0.12571144104003906, -0.2499353140592575, 0.9600672125816345, -0.7151825428009033], [0.0, 0.0, 0.0, 1.0]], [[-0.9852281212806702, 0.12529712915420532, 0.11673132330179214, 0.02255769819021225], [-0.15464860200881958, -0.9437568187713623, -0.2922446131706238, 0.03922410309314728], [0.07354855537414551, -0.3059799075126648, 0.9491927623748779, -0.7168164849281311], [0.0, 0.0, 0.0, 1.0]], [[-0.9953820705413818, 0.08631628751754761, 0.04200020059943199, 0.026914656162261963], [-0.09564262628555298, -0.929097592830658, -0.3572538495063782, 0.043323516845703125], [0.008185459300875664, -0.3596210479736328, 0.9330626130104065, -0.716509997844696], [0.0, 0.0, 0.0, 1.0]], [[-0.9996188879013062, 0.027364134788513184, 0.00367047730833292, 0.0317404568195343], [-0.026458535343408585, -0.9114744663238525, -0.41050493717193604, 0.0468890517950058], [-0.007887573912739754, -0.41044551134109497, 0.9118511080741882, -0.7150275707244873], [0.0, 0.0, 0.0, 1.0]], [[-0.9989342093467712, -0.004969533532857895, -0.04588940739631653, 0.03563308343291283], [0.025120925158262253, -0.8925853967666626, -0.4501781463623047, 0.0491233766078949], [-0.038723066449165344, -0.4508510231971741, 0.891758918762207, -0.7144003510475159], [0.0, 0.0, 0.0, 1.0]], [[-0.9929187893867493, -0.0029128585010766983, -0.11875911056995392, 0.037931982427835464], [0.06144694983959198, -0.8681685924530029, -0.4924505054950714, 0.05044075846672058], [-0.10166853666305542, -0.49626070261001587, 0.8621999621391296, -0.7148939371109009], [0.0, 0.0, 0.0, 1.0]], [[-0.979898989200592, 0.025793541222810745, -0.19782018661499023, 0.03859692066907883], [0.0898565948009491, -0.8282560110092163, -0.5530984401702881, 0.05143140256404877], [-0.17811211943626404, -0.5597559809684753, 0.8092895746231079, -0.7153849005699158], [0.0, 0.0, 0.0, 1.0]], [[-0.9585980176925659, 0.07930559664964676, -0.27349692583084106, 0.03878837823867798], [0.11703736335039139, -0.7658458352088928, -0.6322836875915527, 0.0516342967748642], [-0.25960004329681396, -0.6381152272224426, 0.7248564958572388, -0.7144032120704651], [0.0, 0.0, 0.0, 1.0]], [[-0.94182950258255, 0.13368858397006989, -0.3083581328392029, 0.037882059812545776], [0.13898271322250366, -0.6804391741752625, -0.7195042371749878, 0.05052727460861206], [-0.306008517742157, -0.7205066680908203, 0.6222772598266602, -0.7117326259613037], [0.0, 0.0, 0.0, 1.0]], [[-0.9310136437416077, 0.17614340782165527, -0.3196672201156616, 0.03625905141234398], [0.15295395255088806, -0.6069275736808777, -0.7799000144004822, 0.048187971115112305], [-0.3313891291618347, -0.7749919295310974, 0.5381159782409668, -0.709478497505188], [0.0, 0.0, 0.0, 1.0]], [[-0.9294299483299255, 0.19917413592338562, -0.3106279969215393, 0.03487522900104523], [0.15128645300865173, -0.562125027179718, -0.8130978941917419, 0.04555480182170868], [-0.3365597724914551, -0.8027111887931824, 0.49232351779937744, -0.7081596255302429], [0.0, 0.0, 0.0, 1.0]], [[-0.9364104866981506, 0.1960219442844391, -0.29105132818222046, 0.033133335411548615], [0.1500043272972107, -0.526213526725769, -0.8370173573493958, 0.04242852330207825], [-0.31722885370254517, -0.8274507522583008, 0.4633477032184601, -0.7060577869415283], [0.0, 0.0, 0.0, 1.0]], [[-0.9480133652687073, 0.1709093153476715, -0.26844117045402527, 0.030399750918149948], [0.15665285289287567, -0.48362863063812256, -0.8611406683921814, 0.03897123038768768], [-0.27700281143188477, -0.8584249019622803, 0.4317130148410797, -0.7035607695579529], [0.0, 0.0, 0.0, 1.0]], [[-0.9525492191314697, 0.16771654784679413, -0.2540103495121002, 0.026569504290819168], [0.15658777952194214, -0.4456019997596741, -0.8814301490783691, 0.03553052246570587], [-0.26101797819137573, -0.8793803453445435, 0.39819544553756714, -0.7024134397506714], [0.0, 0.0, 0.0, 1.0]], [[-0.9521870017051697, 0.19060665369033813, -0.23876626789569855, 0.02228144183754921], [0.14138171076774597, -0.4178946018218994, -0.8974272608757019, 0.032087042927742004], [-0.27083468437194824, -0.8882755041122437, 0.37096551060676575, -0.70292067527771], [0.0, 0.0, 0.0, 1.0]], [[-0.9508263468742371, 0.22071468830108643, -0.21728841960430145, 0.018443789333105087], [0.11661984771490097, -0.39479777216911316, -0.9113367795944214, 0.02829727530479431], [-0.2869303524494171, -0.891863226890564, 0.34964442253112793, -0.7035049796104431], [0.0, 0.0, 0.0, 1.0]], [[-0.9549782872200012, 0.2347956895828247, -0.18134932219982147, 0.014220716431736946], [0.07773186266422272, -0.3918920159339905, -0.916721761226654, 0.025117501616477966], [-0.28631162643432617, -0.8895458579063416, 0.3559972643852234, -0.7050641179084778], [0.0, 0.0, 0.0, 1.0]], [[-0.9548650979995728, 0.249209463596344, -0.16163977980613708, 0.010955794714391232], [0.04817797243595123, -0.4070282578468323, -0.912144124507904, 0.023670941591262817], [-0.29310697317123413, -0.8787619471549988, 0.3766506612300873, -0.7073067426681519], [0.0, 0.0, 0.0, 1.0]], [[-0.9607465267181396, 0.2294207364320755, -0.1559876799583435, 0.011139851063489914], [0.043697603046894073, -0.43010494112968445, -0.9017208218574524, 0.024861648678779602], [-0.273964524269104, -0.8731414675712585, 0.40319669246673584, -0.7087793946266174], [0.0, 0.0, 0.0, 1.0]], [[-0.9687948822975159, 0.19798466563224792, -0.14912647008895874, 0.011103741824626923], [0.04637756943702698, -0.44622862339019775, -0.89371657371521, 0.02631285786628723], [-0.2434866577386856, -0.872744083404541, 0.42312192916870117, -0.710433304309845], [0.0, 0.0, 0.0, 1.0]], [[-0.9793493747711182, 0.16931280493736267, -0.1104898452758789, 0.010088697075843811], [0.02179856225848198, -0.4548894762992859, -0.8902811408042908, 0.02708759903907776], [-0.20099666714668274, -0.8743047714233398, 0.4418049454689026, -0.7125910520553589], [0.0, 0.0, 0.0, 1.0]], [[-0.988013505935669, 0.1354427933692932, -0.07405755668878555, 0.00805970374494791], [0.002879522740840912, -0.46349474787712097, -0.8860951066017151, 0.028406202793121338], [-0.1543404906988144, -0.8756871223449707, 0.4575490355491638, -0.7146819233894348], [0.0, 0.0, 0.0, 1.0]], [[-0.9920004606246948, 0.11541072279214859, -0.051140569150447845, 0.005500749684870243], [-0.00843567680567503, -0.464827299118042, -0.8853611946105957, 0.030875355005264282], [-0.12595170736312866, -0.8778473734855652, 0.46208250522613525, -0.7168790102005005], [0.0, 0.0, 0.0, 1.0]], [[-0.9953939318656921, 0.09315938502550125, -0.02262931875884533, 0.0025391126982867718], [-0.02230159565806389, -0.4545823633670807, -0.8904255032539368, 0.033088892698287964], [-0.09323833137750626, -0.8858194947242737, 0.4545661211013794, -0.7176216244697571], [0.0, 0.0, 0.0, 1.0]], [[-0.9987510442733765, 0.046072300523519516, 0.019330749288201332, 0.00024155783466994762], [-0.03665231913328171, -0.41267403960227966, -0.9101411700248718, 0.034484103322029114], [-0.03395499289035797, -0.9097129702568054, 0.41384729743003845, -0.7159853577613831], [0.0, 0.0, 0.0, 1.0]], [[-0.9971062541007996, -0.043146006762981415, 0.0625896230340004, -0.0014886297285556793], [-0.0438091978430748, -0.34673547744750977, -0.9369393587112427, 0.035357922315597534], [0.06212720274925232, -0.9369701743125916, 0.34384191036224365, -0.713390588760376], [0.0, 0.0, 0.0, 1.0]], [[-0.9787586331367493, -0.17458856105804443, 0.10747242718935013, -0.0015190830454230309], [-0.05980755388736725, -0.25826457142829895, -0.9642212390899658, 0.03525279462337494], [0.19609829783439636, -0.9501674771308899, 0.24233698844909668, -0.7106722593307495], [0.0, 0.0, 0.0, 1.0]], [[-0.9375473856925964, -0.32792550325393677, 0.11605958640575409, 0.0001419412437826395], [-0.06680325418710709, -0.15769919753074646, -0.9852250218391418, 0.0342036634683609], [0.3413829207420349, -0.931448221206665, 0.12594398856163025, -0.7083532214164734], [0.0, 0.0, 0.0, 1.0]], [[-0.8708668351173401, -0.479878306388855, 0.10633833706378937, 0.0019253515638411045], [-0.08870353549718857, -0.05935251712799072, -0.9942882657051086, 0.03323405981063843], [0.48344874382019043, -0.8753252029418945, 0.009121254086494446, -0.7081016302108765], [0.0, 0.0, 0.0, 1.0]], [[-0.7720453143119812, -0.6280667185783386, 0.09735637158155441, 0.004488738719373941], [-0.14003077149391174, 0.0186765193939209, -0.9899709224700928, 0.03136521577835083], [0.6199495196342468, -0.777935266494751, -0.10236778855323792, -0.7083745002746582], [0.0, 0.0, 0.0, 1.0]], [[-0.703313410282135, -0.709469735622406, 0.044755719602108, 0.007345466408878565], [-0.15275807678699493, 0.08934488892555237, -0.9842167496681213, 0.029264017939567566], [0.6942731142044067, -0.6990496516227722, -0.17121469974517822, -0.7087054252624512], [0.0, 0.0, 0.0, 1.0]], [[-0.6223850846290588, -0.7825830578804016, 0.014161821454763412, 0.009597543627023697], [-0.19972145557403564, 0.14129126071929932, -0.9696123600006104, 0.02686344087123871], [0.7568013072013855, -0.6063007116317749, -0.24423618614673615, -0.70912766456604], [0.0, 0.0, 0.0, 1.0]], [[-0.5506274700164795, -0.834743082523346, -0.0036555565893650055, 0.011647451668977737], [-0.27105847001075745, 0.18293866515159607, -0.9450190663337708, 0.0247056782245636], [0.7895168662071228, -0.5193625688552856, -0.32699525356292725, -0.7096201181411743], [0.0, 0.0, 0.0, 1.0]], [[-0.5139366388320923, -0.8577982783317566, 0.007154546678066254, 0.010093538090586662], [-0.32531559467315674, 0.18717695772647858, -0.9268952012062073, 0.024643167853355408], [0.7937499284744263, -0.478692889213562, -0.37525224685668945, -0.7071576118469238], [0.0, 0.0, 0.0, 1.0]], [[-0.4379477798938751, -0.8989875912666321, -0.0048070307821035385, 0.009287219494581223], [-0.41110658645629883, 0.20502284169197083, -0.8882325887680054, 0.023561760783195496], [0.7994955778121948, -0.38702329993247986, -0.4593689441680908, -0.7054168581962585], [0.0, 0.0, 0.0, 1.0]], [[-0.34121835231781006, -0.9374578595161438, -0.06887026131153107, 0.009537998586893082], [-0.48520582914352417, 0.2384103536605835, -0.8412704467773438, 0.022078201174736023], [0.8050746917724609, -0.2536405920982361, -0.5362099409103394, -0.7052880525588989], [0.0, 0.0, 0.0, 1.0]], [[-0.2480049580335617, -0.9568827152252197, -0.15122488141059875, 0.009066003374755383], [-0.5282567143440247, 0.26442888379096985, -0.80685955286026, 0.021299168467521667], [0.8120582699775696, -0.12021958082914352, -0.5710594654083252, -0.7064738869667053], [0.0, 0.0, 0.0, 1.0]], [[-0.17223453521728516, -0.9608637094497681, -0.2169707715511322, 0.007817721925675869], [-0.5871240496635437, 0.2769980728626251, -0.7606297135353088, 0.020832210779190063], [0.7909618616104126, -0.003617912530899048, -0.6118548512458801, -0.7074167132377625], [0.0, 0.0, 0.0, 1.0]], [[-0.12445459514856339, -0.9513275623321533, -0.28193455934524536, 0.005671513266861439], [-0.6273889541625977, 0.2955813705921173, -0.7204267978668213, 0.020718500018119812], [0.7686964273452759, 0.0872221440076828, -0.633638858795166, -0.7087407112121582]