{"object_poses": [[[0.9998037815093994, 0.011959673836827278, 0.015784453600645065, 0.021494412794709206], [0.011978663504123688, -0.9999276399612427, -0.0011088252067565918, 0.13102082908153534], [0.015770021826028824, 0.0012976974248886108, -0.9998747706413269, -0.7002706527709961], [0.0, 0.0, 0.0, 1.0]], [[0.999804675579071, 0.01274973712861538, 0.015097289346158504, 0.020995821803808212], [0.012730970978736877, -0.9999181032180786, 0.0013383179903030396, 0.1309409737586975], [0.015113119967281818, -0.0011458545923233032, -0.9998851418495178, -0.7003350853919983], [0.0, 0.0, 0.0, 1.0]], [[0.9998123645782471, 0.013774720951914787, 0.013618038035929203, 0.02038114331662655], [0.013754133135080338, -0.9999041557312012, 0.001603439450263977, 0.13078638911247253], [0.013638811185956001, -0.0014158189296722412, -0.9999060034751892, -0.7004229426383972], [0.0, 0.0, 0.0, 1.0]], [[0.999794065952301, 0.014427157118916512, 0.0142692094668746, 0.019551631063222885], [0.014418983832001686, -0.9998958706855774, 0.0006749778985977173, 0.1307051032781601], [0.014277445152401924, -0.0004690885543823242, -0.9998980164527893, -0.7004964351654053], [0.0, 0.0, 0.0, 1.0]], [[0.9997836351394653, 0.01540074311196804, 0.013984226621687412, 0.018898963928222656], [0.015385784208774567, -0.9998809099197388, 0.0011763423681259155, 0.13059107959270477], [0.01400068961083889, -0.0009609460830688477, -0.9999015927314758, -0.7004579901695251], [0.0, 0.0, 0.0, 1.0]], [[0.9998162388801575, 0.015017716214060783, 0.01191286277025938, 0.01832779124379158], [0.015009745955467224, -0.9998871088027954, 0.0007577985525131226, 0.13041013479232788], [0.01192291546612978, -0.0005788505077362061, -0.9999288320541382, -0.7004013657569885], [0.0, 0.0, 0.0, 1.0]], [[0.999783992767334, 0.014089994132518768, 0.015276462770998478, 0.017919450998306274], [0.01407315582036972, -0.9999002814292908, 0.0012091249227523804, 0.13009366393089294], [0.015291957184672356, -0.000993877649307251, -0.999882698059082, -0.7005946040153503], [0.0, 0.0, 0.0, 1.0]], [[0.9997159838676453, 0.016203664243221283, 0.017474371939897537, 0.017425991594791412], [0.016186054795980453, -0.9998683333396912, 0.0011483728885650635, 0.12985114753246307], [0.01749069057404995, -0.0008652061223983765, -0.9998466372489929, -0.7006922364234924], [0.0, 0.0, 0.0, 1.0]], [[0.9996903538703918, 0.015897709876298904, 0.019142480567097664, 0.0168492142111063], [0.015920009464025497, -0.9998727440834045, -0.0010124444961547852, 0.12952719628810883], [0.019123949110507965, 0.0013169050216674805, -0.999816358089447, -0.7008435130119324], [0.0, 0.0, 0.0, 1.0]], [[0.9997685551643372, 0.013842463493347168, 0.016466859728097916, 0.016768230125308037], [0.013887496665120125, -0.9999001026153564, -0.002623453736305237, 0.12928007543087006], [0.016428865492343903, 0.002851530909538269, -0.9998608827590942, -0.7009422779083252], [0.0, 0.0, 0.0, 1.0]], [[0.9997513294219971, 0.01626782864332199, 0.015248998999595642, 0.01657109335064888], [0.016244936734437943, -0.999866783618927, 0.0016237050294876099, 0.1289719194173813], [0.015273373574018478, -0.0013755857944488525, -0.9998824596405029, -0.7010862231254578], [0.0, 0.0, 0.0, 1.0]], [[0.9997682571411133, 0.016393350437283516, 0.013949751853942871, 0.016344159841537476], [0.01635727286338806, -0.9998626112937927, 0.0026958584785461426, 0.12873052060604095], [0.013992056250572205, -0.0024670660495758057, -0.99989914894104, -0.7011231780052185], [0.0, 0.0, 0.0, 1.0]], [[0.9997507929801941, 0.01699301041662693, 0.014475253410637379, 0.016306346282362938], [0.016961362212896347, -0.9998535513877869, 0.0023061633110046387, 0.1286921203136444], [0.014512281864881516, -0.0020600557327270508, -0.9998925924301147, -0.7011834383010864], [0.0, 0.0, 0.0, 1.0]], [[0.9997133612632751, 0.018595082685351372, 0.015077484771609306, 0.016220737248659134], [0.01854514330625534, -0.9998221397399902, 0.0034454315900802612, 0.12867990136146545], [0.01513886358588934, -0.00316484272480011, -0.9998804330825806, -0.7011190056800842], [0.0, 0.0, 0.0, 1.0]], [[0.9997531771659851, 0.017800305038690567, 0.013295121490955353, 0.016078148037195206], [0.017753712832927704, -0.9998358488082886, 0.0036145448684692383, 0.12854310870170593], [0.013357252813875675, -0.003377571702003479, -0.9999051094055176, -0.7012309432029724], [0.0, 0.0, 0.0, 1.0]], [[0.9997105002403259, 0.01828557252883911, 0.015630019828677177, 0.016138067469000816], [0.01825542002916336, -0.9998311996459961, 0.002070009708404541, 0.1283903867006302], [0.01566525176167488, -0.0017840713262557983, -0.9998756647109985, -0.7014357447624207], [0.0, 0.0, 0.0, 1.0]], [[0.9997846484184265, 0.01854170486330986, 0.00931567046791315, 0.016373584046959877], [0.01851930096745491, -0.9998254776000977, 0.0024849921464920044, 0.1280873566865921], [0.009360084310173988, -0.0023119449615478516, -0.9999536871910095, -0.7017289996147156], [0.0, 0.0, 0.0, 1.0]], [[0.9998350143432617, 0.018140843138098717, -0.0008591210935264826, 0.01685822196304798], [0.018144864588975906, -0.9998232126235962, 0.004938557744026184, 0.127617746591568], [-0.0007694247178733349, -0.004953339695930481, -0.9999874234199524, -0.7024139165878296], [0.0, 0.0, 0.0, 1.0]], [[0.9997473359107971, 0.01575641706585884, -0.016027159988880157, 0.017623411491513252], [0.015874426811933517, -0.9998477101325989, 0.007262930274009705, 0.1269725263118744], [-0.015910279005765915, -0.007515519857406616, -0.9998452663421631, -0.703117311000824], [0.0, 0.0, 0.0, 1.0]], [[0.9993659853935242, 0.012780146673321724, -0.03323035687208176, 0.0183908361941576], [0.01315426453948021, -0.9998522996902466, 0.011064201593399048, 0.12633265554904938], [-0.03308403119444847, -0.011494293808937073, -0.9993866086006165, -0.7037248611450195], [0.0, 0.0, 0.0, 1.0]], [[0.998918890953064, 0.009793734177947044, -0.04544186219573021, 0.01905650831758976], [0.010487478226423264, -0.9998316764831543, 0.015053436160087585, 0.12559349834918976], [-0.04528678581118584, -0.015513718128204346, -0.9988535046577454, -0.7043876647949219], [0.0, 0.0, 0.0, 1.0]], [[0.9986895322799683, 0.008579874411225319, -0.050453055649995804, 0.01955639198422432], [0.009542502462863922, -0.9997763633728027, 0.018869951367378235, 0.12513816356658936], [-0.050279878079891205, -0.01932665705680847, -0.998548150062561, -0.7048497200012207], [0.0, 0.0, 0.0, 1.0]], [[0.9987058639526367, 0.009054688736796379, -0.05004514753818512, 0.020025506615638733], [0.00990195944905281, -0.9998114109039307, 0.01670832931995392, 0.12482792139053345], [-0.049884431064128876, -0.01718224585056305, -0.9986072182655334, -0.705261766910553], [0.0, 0.0, 0.0, 1.0]], [[0.9990532398223877, 0.010990669950842857, -0.042093560099601746, 0.02081143856048584], [0.011512555181980133, -0.9998596906661987, 0.012176185846328735, 0.12480795383453369], [-0.04195381700992584, -0.01264926791191101, -0.9990395903587341, -0.7056131958961487], [0.0, 0.0, 0.0, 1.0]], [[0.9991645812988281, 0.01148584671318531, -0.03921696916222572, 0.02152581512928009], [0.011943724006414413, -0.9998630285263062, 0.011461421847343445, 0.12445563077926636], [-0.0390799418091774, -0.011920258402824402, -0.9991650581359863, -0.7060326933860779], [0.0, 0.0, 0.0, 1.0]], [[0.9993043541908264, 0.010570129379630089, -0.03576463833451271, 0.02245652675628662], [0.011058062314987183, -0.9998481273651123, 0.013472974300384521, 0.1238282322883606], [-0.035616811364889145, -0.013859093189239502, -0.999269425868988, -0.7061784863471985], [0.0, 0.0, 0.0, 1.0]], [[0.9993254542350769, 0.006544711068272591, -0.03613452985882759, 0.023654859513044357], [0.007021352648735046, -0.9998898506164551, 0.013080015778541565, 0.12304429709911346], [-0.036044951528310776, -0.013324901461601257, -0.9992613196372986, -0.7062205076217651], [0.0, 0.0, 0.0, 1.0]], [[0.9993166327476501, 7.783249020576477e-05, -0.03696184232831001, 0.02529158443212509], [0.0005353763699531555, -0.9999234080314636, 0.012369200587272644, 0.12221914529800415], [-0.03695808723568916, -0.012380540370941162, -0.9992402195930481, -0.7066900730133057], [0.0, 0.0, 0.0, 1.0]], [[0.9991278648376465, -0.004580659791827202, -0.041502512991428375, 0.026935750618577003], [-0.004018712788820267, -0.9998992681503296, 0.013613507151603699, 0.12159186601638794], [-0.041560687124729156, -0.01343485713005066, -0.9990456700325012, -0.7070144414901733], [0.0, 0.0, 0.0, 1.0]], [[0.9991361498832703, -0.006288304924964905, -0.0410766564309597, 0.028301233425736427], [-0.005590120330452919, -0.9998383522033691, 0.01708984375, 0.12095321714878082], [-0.04117749258875847, -0.016845449805259705, -0.999009907245636, -0.7068685293197632], [0.0, 0.0, 0.0, 1.0]], [[0.9992252588272095, -0.008842991665005684, -0.038348909467458725, 0.02947022020816803], [-0.00825023278594017, -0.999844491481781, 0.015587851405143738, 0.12052235007286072], [-0.03848080709576607, -0.015259385108947754, -0.9991428256034851, -0.7061941623687744], [0.0, 0.0, 0.0, 1.0]], [[0.9992915391921997, -0.011999610811471939, -0.03566988557577133, 0.030239028856158257], [-0.011545062065124512, -0.9998498558998108, 0.012922227382659912, 0.12015752494335175], [-0.03581959381699562, -0.012501269578933716, -0.9992800951004028, -0.7054293751716614], [0.0, 0.0, 0.0, 1.0]], [[0.9993839263916016, -0.01267167180776596, -0.032730765640735626, 0.030885277315974236], [-0.01219925843179226, -0.9998191595077515, 0.014592871069908142, 0.11982326209545135], [-0.032909754663705826, -0.014184579253196716, -0.9993578195571899, -0.7046051025390625], [0.0, 0.0, 0.0, 1.0]], [[0.999341607093811, -0.01444585993885994, -0.03327873721718788, 0.03139646723866463], [-0.013908041641116142, -0.9997698068618774, 0.01633620262145996, 0.11948119103908539], [-0.033507075160741806, -0.015862613916397095, -0.9993125796318054, -0.7039189338684082], [0.0, 0.0, 0.0, 1.0]], [[0.9992673993110657, -0.01709267869591713, -0.03424130007624626, 0.0315546989440918], [-0.016544271260499954, -0.9997314214706421, 0.016235947608947754, 0.11931493878364563], [-0.03450959548354149, -0.015657544136047363, -0.9992817640304565, -0.703533947467804], [0.0, 0.0, 0.0, 1.0]], [[0.9992340803146362, -0.018793819472193718, -0.03432310000061989, 0.031669192016124725], [-0.01838991977274418, -0.9997584819793701, 0.012045890092849731, 0.11924542486667633], [-0.03454117849469185, -0.01140543818473816, -0.9993382692337036, -0.7032692432403564], [0.0, 0.0, 0.0, 1.0]], [[0.9990597367286682, -0.023116376250982285, -0.036677997559309006, 0.03181140124797821], [-0.022675633430480957, -0.999666154384613, 0.012387692928314209, 0.11897780001163483], [-0.036952149122953415, -0.011544331908226013, -0.9992503523826599, -0.7032023668289185], [0.0, 0.0, 0.0, 1.0]], [[0.9987679123878479, -0.024743366986513138, -0.043014947324991226, 0.031939174979925156], [-0.024130593985319138, -0.9996006488800049, 0.01470695436000824, 0.11860841512680054], [-0.04336165264248848, -0.013650849461555481, -0.9989660978317261, -0.7031038403511047], [0.0, 0.0, 0.0, 1.0]], [[0.998630702495575, -0.026387808844447136, -0.045170195400714874, 0.031932566314935684], [-0.025723351165652275, -0.9995530843734741, 0.015228837728500366, 0.11860081553459167], [-0.045551836490631104, -0.014046058058738708, -0.9988632798194885, -0.7027949094772339], [0.0, 0.0, 0.0, 1.0]], [[0.9986753463745117, -0.020368725061416626, -0.0472516305744648, 0.03150664269924164], [-0.019744252786040306, -0.9997119903564453, 0.013645485043525696, 0.11869321763515472], [-0.04751596972346306, -0.012694448232650757, -0.99878990650177, -0.7025414705276489], [0.0, 0.0, 0.0, 1.0]], [[0.9986390471458435, -0.01551893912255764, -0.049790941178798676, 0.031127337366342545], [-0.015047782100737095, -0.999838650226593, 0.009823918342590332, 0.11894145607948303], [-0.049935366958379745, -0.009061291813850403, -0.9987114667892456, -0.7023290991783142], [0.0, 0.0, 0.0, 1.0]], [[0.9986503720283508, -0.0078666340559721, -0.051336463540792465, 0.030480582267045975], [-0.007840713486075401, -0.9999690651893616, 0.0007063448429107666, 0.11924923956394196], [-0.05134041607379913, -0.00030285120010375977, -0.9986811876296997, -0.7018494009971619], [0.0, 0.0, 0.0, 1.0]], [[0.9985641837120056, -0.0062683988362550735, -0.05320149287581444, 0.030210791155695915], [-0.006996756419539452, -0.999884307384491, -0.013515293598175049, 0.1194053590297699], [-0.05311060696840286, 0.013868123292922974, -0.9984924793243408, -0.7012971639633179], [0.0, 0.0, 0.0, 1.0]], [[0.997842013835907, -0.011974288150668144, -0.06455948948860168, 0.029956750571727753], [-0.013788113370537758, -0.9995205998420715, -0.027723342180252075, 0.11951324343681335], [-0.06419656425714493, 0.02855364978313446, -0.9975287914276123, -0.7006782293319702], [0.0, 0.0, 0.0, 1.0]], [[0.9962498545646667, -0.028839213773608208, -0.08157451450824738, 0.029521072283387184], [-0.03219875693321228, -0.9986739158630371, -0.04017239809036255, 0.11950792372226715], [-0.08030780404806137, 0.042648330330848694, -0.995857298374176, -0.6994790434837341], [0.0, 0.0, 0.0, 1.0]], [[0.9922290444374084, -0.05800005793571472, -0.11007919907569885, 0.029428761452436447], [-0.06553466618061066, -0.9956580400466919, -0.06610853970050812, 0.11936028301715851], [-0.10576693713665009, 0.07280881702899933, -0.9917219877243042, -0.6970821022987366], [0.0, 0.0, 0.0, 1.0]], [[0.9883148670196533, -0.045694224536418915, -0.14541566371917725, 0.03074651211500168], [-0.059289611876010895, -0.9941232204437256, -0.0905756875872612, 0.11952133476734161], [-0.1404222995042801, 0.09813894331455231, -0.985215961933136, -0.6950743794441223], [0.0, 0.0, 0.0, 1.0]], [[0.9845752120018005, -0.040097445249557495, -0.17030537128448486, 0.030962461605668068], [-0.056727100163698196, -0.9939613938331604, -0.0939299464225769, 0.11940187215805054], [-0.1655106097459793, 0.10214201360940933, -0.9809043407440186, -0.6937735080718994], [0.0, 0.0, 0.0, 1.0]], [[0.9837067723274231, -0.031363263726234436, -0.17702293395996094, 0.030562955886125565], [-0.05056241899728775, -0.9931850433349609, -0.10500942915678024, 0.11946110427379608], [-0.17252305150032043, 0.1122492104768753, -0.9785887598991394, -0.6922749876976013], [0.0, 0.0, 0.0, 1.0]], [[0.982912003993988, -0.02156655676662922, -0.18280808627605438, 0.030933454632759094], [-0.0441574789583683, -0.9917399287223816, -0.12042408436536789, 0.12032629549503326], [-0.17870095372200012, 0.12643861770629883, -0.9757454991340637, -0.6907759308815002], [0.0, 0.0, 0.0, 1.0]], [[0.9795287847518921, -0.01347108744084835, -0.2008526623249054, 0.03149990364909172], [-0.040232833474874496, -0.9907286167144775, -0.1297619342803955, 0.1211504191160202], [-0.19724243879318237, 0.13518643379211426, -0.9709892272949219, -0.689724862575531], [0.0, 0.0, 0.0, 1.0]], [[0.972693681716919, -0.008111279457807541, -0.23195074498653412, 0.031768810003995895], [-0.03978697210550308, -0.9904225468635559, -0.13221314549446106, 0.1213863343000412], [-0.2286568284034729, 0.13783153891563416, -0.963700532913208, -0.6891438364982605], [0.0, 0.0, 0.0, 1.0]], [[0.9628298282623291, 0.0031790807843208313, -0.27008992433547974, 0.03217732161283493], [-0.03569537773728371, -0.989663302898407, -0.1388973891735077, 0.1215263307094574], [-0.2677396535873413, 0.14337551593780518, -0.9527639150619507, -0.6884899735450745], [0.0, 0.0, 0.0, 1.0]], [[0.9516990780830383, 0.01978256367146969, -0.30639469623565674, 0.03344391658902168], [-0.030845411121845245, -0.986713171005249, -0.15951737761497498, 0.12162819504737854], [-0.3054793179035187, 0.1612633764743805, -0.9384438991546631, -0.6878672242164612], [0.0, 0.0, 0.0, 1.0]], [[0.9410033822059631, 0.04678499326109886, -0.3351476490497589, 0.035103242844343185], [-0.021710973232984543, -0.9800094366073608, -0.197763130068779, 0.12177203595638275], [-0.3377001881599426, 0.19337211549282074, -0.921176552772522, -0.687394380569458], [0.0, 0.0, 0.0, 1.0]], [[0.9301125407218933, 0.08466989547014236, -0.3573816418647766, 0.037478793412446976], [-0.007910497486591339, -0.9682197570800781, -0.24997569620609283, 0.12265275418758392], [-0.3671894073486328, 0.23533257842063904, -0.8998835682868958, -0.6870012283325195], [0.0, 0.0, 0.0, 1.0]], [[0.9159833788871765, 0.12562523782253265, -0.3810417950153351, 0.03959938511252403], [0.00562489777803421, -0.9536441564559937, -0.3008842170238495, 0.12328219413757324], [-0.40117695927619934, 0.27346161007881165, -0.8742287755012512, -0.6875469088554382], [0.0, 0.0, 0.0, 1.0]], [[0.9013937711715698, 0.15917286276817322, -0.40268269181251526, 0.04066617414355278], [0.018382087349891663, -0.9432108402252197, -0.33168572187423706, 0.12299598753452301], [-0.43261000514030457, 0.2915772795677185, -0.8531303405761719, -0.6885366439819336], [0.0, 0.0, 0.0, 1.0]], [[0.8855944275856018, 0.19479778409004211, -0.4216351807117462, 0.0407773032784462], [0.03571335971355438, -0.9336701035499573, -0.3563491106033325, 0.12222087383270264], [-0.4630841612815857, 0.3005228042602539, -0.8338099718093872, -0.6898354887962341], [0.0, 0.0, 0.0, 1.0]], [[0.8697468638420105, 0.23976412415504456, -0.4313390254974365, 0.04024574160575867], [0.05934259295463562, -0.9185148477554321, -0.39090782403945923, 0.121188685297966], [-0.4899170398712158, 0.31439414620399475, -0.8131036162376404, -0.6909887790679932], [0.0, 0.0, 0.0, 1.0]], [[0.850033700466156, 0.2954024374485016, -0.4360964000225067, 0.039875395596027374], [0.08988716453313828, -0.8971428871154785, -0.4324985146522522, 0.12023559212684631], [-0.5190019011497498, 0.3284388482570648, -0.789154589176178, -0.6923184394836426], [0.0, 0.0, 0.0, 1.0]], [[0.8256655931472778, 0.34585994482040405, -0.445709764957428, 0.03931575268507004], [0.10972170531749725, -0.8734006881713867, -0.4744811952114105, 0.11888788640499115], [-0.5533872842788696, 0.34285876154899597, -0.7590852975845337, -0.6937358379364014], [0.0, 0.0, 0.0, 1.0]], [[0.802148163318634, 0.3832888901233673, -0.45787328481674194, 0.038760505616664886], [0.11598105728626251, -0.8522017002105713, -0.5101968050003052, 0.11764854192733765], [-0.5857531428337097, 0.35614877939224243, -0.7280462980270386, -0.6947692632675171], [0.0, 0.0, 0.0, 1.0]], [[0.7788552045822144, 0.41905614733695984, -0.46666523814201355, 0.038048405200242996], [0.11822681128978729, -0.8287935853004456, -0.5469220876693726, 0.1163962185382843], [-0.6159602403640747, 0.37080082297325134, -0.6950539350509644, -0.6955295205116272], [0.0, 0.0, 0.0, 1.0]], [[0.7499297857284546, 0.466205358505249, -0.4693162441253662, 0.03728390112519264], [0.12576094269752502, -0.7969914674758911, -0.5907526016235352, 0.11474764347076416], [-0.6494531631469727, 0.38400134444236755, -0.6563180685043335, -0.6962624788284302], [0.0, 0.0, 0.0, 1.0]], [[0.7187565565109253, 0.5221502780914307, -0.459073007106781, 0.035466112196445465], [0.1371847242116928, -0.7538160681724548, -0.6426053047180176, 0.11301440000534058], [-0.6815931797027588, 0.3988990783691406, -0.6134412288665771, -0.6974954605102539], [0.0, 0.0, 0.0, 1.0]], [[0.694544792175293, 0.574996829032898, -0.43241894245147705, 0.03261398896574974], [0.15408450365066528, -0.7059793472290039, -0.6912678480148315, 0.11105377972126007], [-0.7027556896209717, 0.41348737478256226, -0.5789323449134827, -0.6991673111915588], [0.0, 0.0, 0.0, 1.0]], [[0.6864354014396667, 0.6084092855453491, -0.39830201864242554, 0.029374614357948303], [0.16743525862693787, -0.6652452945709229, -0.7276085615158081, 0.10859327018260956], [-0.7076523900032043, 0.4327664375305176, -0.5585170984268188, -0.7007917165756226], [0.0, 0.0, 0.0, 1.0]], [[0.6858434677124023, 0.6255163550376892, -0.3719518482685089, 0.026213662698864937], [0.18008610606193542, -0.6410781741142273, -0.7460482120513916, 0.10565488040447235], [-0.705115556716919, 0.4446888566017151, -0.5523260831832886, -0.7022421360015869], [0.0, 0.0, 0.0, 1.0]], [[0.6806051135063171, 0.6424466371536255, -0.3521919846534729, 0.02379707619547844], [0.20409312844276428, -0.6279332041740417, -0.7510300278663635, 0.10226286947727203], [-0.703649640083313, 0.4392748773097992, -0.558493435382843, -0.7029260993003845], [0.0, 0.0, 0.0, 1.0]], [[0.6845530271530151, 0.6532052159309387, -0.3235892951488495, 0.0215160995721817], [0.23487842082977295, -0.6178759336471558, -0.7503743171691895, 0.0992605984210968], [-0.6900864839553833, 0.4376668930053711, -0.576392650604248, -0.7035747170448303], [0.0, 0.0, 0.0, 1.0]], [[0.6897775530815125, 0.6662884950637817, -0.2833136320114136, 0.01910422183573246], [0.2732461988925934, -0.6019332408905029, -0.7503418922424316, 0.09650479257106781], [-0.6704801321029663, 0.4401545524597168, -0.5972608327865601, -0.7043507099151611], [0.0, 0.0, 0.0, 1.0]], [[0.6941223740577698, 0.6826391220092773, -0.22846849262714386, 0.016139693558216095], [0.31707149744033813, -0.574863851070404, -0.7543190121650696, 0.09403161704540253], [-0.6462660431861877, 0.4511488974094391, -0.6154712438583374, -0.7052714824676514], [0.0, 0.0, 0.0, 1.0]], [[0.6878626942634583, 0.7011252641677856, -0.1877986490726471, 0.015036303550004959], [0.3377918601036072, -0.5382243394851685, -0.7721473574638367, 0.09391319751739502], [-0.642449676990509, 0.4676945209503174, -0.6070588827133179, -0.7079328298568726], [0.0, 0.0, 0.0, 1.0]], [[0.6927619576454163, 0.7052097320556641, -0.1508646011352539, 0.0151243656873703], [0.3494931161403656, -0.5112874507904053, -0.785136878490448, 0.0949963927268982], [-0.6308213472366333, 0.49118679761886597, -0.6006664037704468, -0.710734486579895], [0.0, 0.0, 0.0, 1.0]], [[0.7040734887123108, 0.7005375623703003, -0.11630857735872269, 0.014769189059734344], [0.36702340841293335, -0.49919426441192627, -0.784919798374176, 0.09527429938316345], [-0.6079263091087341, 0.5099531412124634, -0.6085831522941589, -0.7128108143806458], [0.0, 0.0, 0.0, 1.0]], [[0.7360272407531738, 0.6721181273460388, -0.08075328171253204, 0.013904285617172718], [0.37734341621398926, -0.5063815116882324, -0.7753642201423645, 0.09487958252429962], [-0.5620283484458923, 0.540217399597168, -0.6263299584388733, -0.712799608707428], [0.0, 0.0, 0.0, 1.0]], [[0.7821024060249329, 0.6216052174568176, -0.04384896904230118, 0.012159307487308979], [0.38328611850738525, -0.5353436470031738, -0.7526613473892212, 0.09367892146110535], [-0.491332471370697, 0.5718514919281006, -0.6569462418556213, -0.7123287320137024], [0.0, 0.0, 0.0, 1.0]], [[0.8196981549263, 0.5727101564407349, -0.009900327771902084, 0.010286679491400719], [0.38688892126083374, -0.5663195252418518, -0.727735698223114, 0.09218709170818329], [-0.42238834500312805, 0.5926932096481323, -0.6857863068580627, -0.711306095123291], [0.0, 0.0, 0.0, 1.0]], [[0.8429629802703857, 0.5374233722686768, 0.024279877543449402, 0.008469250053167343], [0.3905442953109741, -0.580292284488678, -0.7146580219268799, 0.09127718210220337], [-0.3699844181537628, 0.6119126677513123, -0.6990525126457214, -0.7101114988327026], [0.0, 0.0, 0.0, 1.0]], [[0.8530018329620361, 0.51975417137146, 0.047364406287670135, 0.0077875275164842606], [0.3850261867046356, -0.5654202103614807, -0.7294210195541382, 0.09201633930206299], [-0.3523387312889099, 0.6404340267181396, -0.6824235320091248, -0.7095152139663696], [0.0, 0.0, 0.0, 1.0]], [[0.851886510848999, 0.5176297426223755, 0.07967906445264816, 0.006557789631187916], [0.39684247970581055, -0.5387036204338074, -0.7431787252426147, 0.09249390661716461], [-0.3417680263519287, 0.6647238731384277, -0.6643319129943848, -0.7087240219116211], [0.0, 0.0, 0.0, 1.0]], [[0.8480334281921387, 0.5173062682151794, 0.11503658443689346, 0.005624681245535612], [0.41128963232040405, -0.5055787563323975, -0.7584397792816162, 0.09308704733848572], [-0.3341856002807617, 0.6904957294464111, -0.6415104866027832, -0.7078626751899719], [0.0, 0.0, 0.0, 1.0]], [[0.8390815258026123, 0.5246788859367371, 0.1437155157327652, 0.004114936571568251], [0.42334023118019104, -0.46385544538497925, -0.7782167196273804, 0.09345635771751404], [-0.3416506350040436, 0.7138277888298035, -0.6113302707672119, -0.7074760794639587], [0.0, 0.0, 0.0, 1.0]], [[0.8286067247390747, 0.5325923562049866, 0.17250016331672668, 0.002035937737673521], [0.43777722120285034, -0.42437058687210083, -0.7926291227340698, 0.0945461094379425], [-0.34894412755966187, 0.7322944402694702, -0.5847931504249573, -0.7077099084854126], [0.0, 0.0, 0.0, 1.0]], [[0.8166285157203674, 0.5386517643928528, 0.20729723572731018, 0.0001034424640238285], [0.45964574813842773, -0.38973844051361084, -0.7980163097381592, 0.09584973752498627], [-0.34906113147735596, 0.7469661235809326, -0.5658605694770813, -0.7079024314880371], [0.0, 0.0, 0.0, 1.0]], [[0.8056105971336365, 0.5430112481117249, 0.23691844940185547, -0.0013625663705170155], [0.4768603444099426, -0.3570275902748108, -0.8032034635543823, 0.09653206169605255], [-0.3515620827674866, 0.7600461840629578, -0.54656583070755, -0.7077125310897827], [0.0, 0.0, 0.0, 1.0]], [[0.7980906963348389, 0.5430206656455994, 0.2611125707626343, -0.002653794828802347], [0.486072838306427, -0.3241424560546875, -0.8115817904472351, 0.09698651731014252], [-0.3560679852962494, 0.7746356129646301, -0.5226427316665649, -0.7073529958724976], [0.0, 0.0, 0.0, 1.0]], [[0.7976585626602173, 0.5307603478431702, 0.28641608357429504, -0.0034968522377312183], [0.48853039741516113, -0.29012858867645264, -0.8228994607925415, 0.09732706844806671], [-0.35366496443748474, 0.7963157296180725, -0.4907160997390747, -0.7067780494689941], [0.0, 0.0, 0.0, 1.0]], [[0.7984810471534729, 0.5146447420120239, 0.3123600482940674, -0.0033712219446897507], [0.48959338665008545, -0.25319114327430725, -0.8343815803527832, 0.09695322811603546], [-0.350323349237442, 0.8191672563552856, -0.454135000705719, -0.7057248950004578], [0.0, 0.0, 0.0, 1.0]], [[0.8054203987121582, 0.4937397241592407, 0.32790106534957886, -0.0028046402148902416], [0.4790165424346924, -0.21643510460853577, -0.8507051467895508, 0.09652705490589142], [-0.3490576148033142, 0.8422452211380005, -0.4108307361602783, -0.705086886882782], [0.0, 0.0, 0.0, 1.0]], [[0.814251184463501, 0.47267603874206543, 0.33700481057167053, -0.0021575381979346275], [0.46231552958488464, -0.1769106537103653, -0.868888258934021, 0.096241295337677], [-0.351082980632782, 0.8632960319519043, -0.36257514357566833, -0.7046269774436951], [0.0, 0.0, 0.0, 1.0]], [[0.8185731172561646, 0.4592239260673523, 0.34503862261772156, -0.0009101401083171368], [0.4539721608161926, -0.14919742941856384, -0.8784359693527222, 0.09593892097473145], [-0.351919949054718, 0.8757017254829407, -0.33060383796691895, -0.704272985458374], [0.0, 0.0, 0.0, 1.0]], [[0.8227991461753845, 0.4482472836971283, 0.34939372539520264, 0.0009097112342715263], [0.4471677243709564, -0.1311601996421814, -0.8847813606262207, 0.09544041752815247], [-0.350774347782135, 0.8842349052429199, -0.30836021900177, -0.7030230164527893], [0.0, 0.0, 0.0, 1.0]], [[0.8304287195205688, 0.4367097318172455, 0.3459374010562897, 0.002607680857181549], [0.42789679765701294, -0.10230962932109833, -0.8980183601379395, 0.09402391314506531], [-0.35678064823150635, 0.8937658071517944, -0.2718275785446167, -0.7024660110473633], [0.0, 0.0, 0.0, 1.0]], [[0.836585521697998, 0.4247874319553375, 0.3459484875202179, 0.004258725792169571], [0.4110901355743408, -0.069355309009552, -0.9089526534080505, 0.09295649826526642], [-0.36211830377578735, 0.9026325345039368, -0.23264755308628082, -0.7025454640388489], [0.0, 0.0, 0.0, 1.0]], [[0.8393837213516235, 0.41871872544288635, 0.34656816720962524, 0.004793143831193447], [0.4031375050544739, -0.051919639110565186, -0.9136654138565063, 0.09222814440727234], [-0.36457517743110657, 0.9066305756568909, -0.21238169074058533, -0.7030593752861023], [0.0, 0.0, 0.0, 1.0]], [[0.8308905363082886, 0.4325605034828186, 0.3500174582004547, 0.0038545997813344], [0.40568041801452637, -0.040380895137786865, -0.9131225347518921, 0.09208936989307404], [-0.3808467388153076, 0.9007001519203186, -0.20903344452381134, -0.7045063376426697], [0.0, 0.0, 0.0, 1.0]], [[0.8302510380744934, 0.44548100233078003, 0.33500754833221436, 0.003289933782070875], [0.38806387782096863, -0.030542582273483276, -0.9211264252662659, 0.09123288094997406], [-0.4001123011112213, 0.8947703242301941, -0.19823309779167175, -0.7064722776412964], [0.0, 0.0, 0.0, 1.0]], [[0.8331139087677002, 0.4490314722061157, 0.32294246554374695, 0.0025450843386352062], [0.3727690577507019, -0.024491354823112488, -0.9276009202003479, 0.09073179960250854], [-0.4086126983165741, 0.8931803107261658, -0.18778912723064423, -0.7085145711898804], [0.0, 0.0, 0.0, 1.0]], [[0.8418324589729309, 0.4416508376598358, 0.31026244163513184, 0.0016283350996673107], [0.3507630527019501, -0.010762423276901245, -0.9364024996757507, 0.08999206125736237], [-0.41022372245788574, 0.8971225023269653, -0.16397495567798615, -0.7106788158416748], [0.0, 0.0, 0.0, 1.0]], [[0.847988486289978, 0.43532121181488037, 0.30234259366989136, 0.0010661003179848194], [0.32728269696235657, 0.01861642301082611, -0.9447430372238159, 0.08915838599205017], [-0.4168953001499176, 0.9000827074050903, -0.12668663263320923, -0.7120085954666138], [0.0, 0.0, 0.0, 1.0]], [[0.8458581566810608, 0.4434489905834198, 0.296440452337265, 0.0005435943603515625], [0.3117581605911255, 0.03994625806808472, -0.9493215084075928, 0.08880779147148132], [-0.43281736969947815, 0.8954089879989624, -0.1044599711894989, -0.7131184935569763], [0.0, 0.0, 0.0, 1.0]], [[0.8400078415870667, 0.45462745428085327, 0.296143114566803, 0.00012271711602807045], [0.3058561086654663, 0.05405507981777191, -0.9505420327186584, 0.08835296332836151], [-0.4481505751609802, 0.8890398740768433, -0.09364388883113861, -0.7129704356193542], [0.0, 0.0, 0.0, 1.0]], [[0.8321117162704468, 0.47061604261398315, 0.2934458255767822, 0.0001785815693438053], [0.2967590093612671, 0.06917310506105423, -0.9524437785148621, 0.08809210360050201], [-0.468533992767334, 0.8796223402023315, -0.0820997953414917, -0.711837649345398], [0.0, 0.0, 0.0, 1.0]], [[0.8103294372558594, 0.5130124092102051, 0.2831687033176422, 0.00111465435475111], [0.27974140644073486, 0.08594179898500443, -0.9562211036682129, 0.08872777223587036], [-0.5148893594741821, 0.8540680408477783, -0.07386966049671173, -0.7111010551452637], [0.0, 0.0, 0.0, 1.0]], [[0.7890950441360474, 0.5521861910820007, 0.2691083550453186, 0.0032480210065841675], [0.26093757152557373, 0.09527991712093353, -0.9606421589851379, 0.08974222838878632], [-0.5560940504074097, 0.8282585144042969, -0.06890122592449188, -0.7090741395950317], [0.0, 0.0, 0.0, 1.0]], [[0.7582657933235168, 0.5965021252632141, 0.2630937695503235, 0.005288363434374332], [0.25355228781700134, 0.10195870697498322, -0.9619333744049072, 0.09036853909492493], [-0.600619912147522, 0.796109139919281, -0.07393266260623932, -0.7063761353492737], [0.0, 0.0, 0.0, 1.0]], [[0.7156097292900085, 0.6478256583213806, 0.26119858026504517, 0.00718116108328104], [0.2468559741973877, 0.11525613814592361, -0.9621738195419312, 0.09122678637504578], [-0.6534255146980286, 0.7530192732810974, -0.07744121551513672, -0.703742265701294], [0.0, 0.0, 0.0, 1.0]], [[0.6657487750053406, 0.7000898718833923, 0.25817200541496277, 0.009638388641178608], [0.23072746396064758, 0.13589340448379517, -0.9634822010993958, 0.09183254837989807], [-0.7096080780029297, 0.7010043263435364, -0.07105910778045654, -0.7014216780662537], [0.0, 0.0, 0.0, 1.0]], [[0.634763240814209, 0.7298879027366638, 0.25365176796913147, 0.011600801721215248], [0.21272607147693634, 0.1505127102136612, -0.9654499292373657, 0.09182076156139374], [-0.7428480386734009, 0.6667905449867249, -0.059726253151893616, -0.7000028491020203], [0.0, 0.0, 0.0, 1.0]], [[0.6102938055992126, 0.7503472566604614, 0.254008948802948, 0.012724136933684349], [0.19483835995197296, 0.16861937940120697, -0.9662326574325562, 0.09194734692573547], [-0.7678408026695251, 0.6391764879226685, -0.04328906536102295, -0.6993342638015747], [0.0, 0.0, 0.0, 1.0]], [[0.5839630365371704, 0.7684392929077148, 0.2617027163505554, 0.013482289388775826], [0.17419128119945526, 0.19625556468963623, -0.9649567008018494, 0.09189587831497192], [-0.7928712964057922, 0.609085202217102, -0.01924942433834076, -0.6992816925048828], [0.0, 0.0, 0.0, 1.0]], [[0.5478397607803345, 0.7890093326568604, 0.2780930697917938, 0.014341942965984344], [0.1455220729112625, 0.23747102916240692, -0.9604326486587524, 0.09235386550426483], [-0.8238294720649719, 0.5666318535804749, 0.01527780294418335, -0.699234664440155], [0.0, 0.0, 0.0, 1.0]], [[0.5062500238418579, 0.8100435137748718, 0.2958720624446869, 0.015019056387245655], [0.1132296621799469, 0.2776798605918884, -0.9539774656295776, 0.09239648282527924], [-0.8549209833145142, 0.5164526700973511, 0.048854485154151917, -0.699312686920166], [0.0, 0.0, 0.0, 1.0]], [[0.46173444390296936, 0.8263676762580872, 0.3223625421524048, 0.015500720590353012], [0.08825421333312988, 0.31882017850875854, -0.9436975717544556, 0.0923793762922287], [-0.8826168775558472, 0.46418750286102295, 0.07427985221147537, -0.6991062760353088], [0.0, 0.0, 0.0, 1.0]], [[0.4184058606624603, 0.8415073752403259, 0.3417629599571228, 0.01547517254948616], [0.07149282097816467, 0.34460166096687317, -0.9360227584838867, 0.09230856597423553], [-0.9054421186447144, 0.41607099771499634, 0.08402162790298462, -0.6985727548599243], [0.0, 0.0, 0.0, 1.0]], [[0.37222254276275635, 0.8545852899551392, 0.36212456226348877, 0.015689212828874588], [0.05326095223426819, 0.3698502779006958, -0.927563488483429, 0.09183000028133392], [-0.9266140460968018, 0.36454716324806213, 0.09215059131383896, -0.697914719581604], [0.0, 0.0, 0.0, 1.0]], [[0.30690309405326843, 0.8657103776931763, 0.39541906118392944, 0.01460433378815651], [0.028354302048683167, 0.40696805715560913, -0.9130023121833801, 0.09157268702983856], [-0.9513184428215027, 0.2914150357246399, 0.10035315155982971, -0.6976470947265625], [0.0, 0.0, 0.0, 1.0]], [[0.23357944190502167, 0.8703618049621582, 0.4334871470928192, 0.013602521270513535], [-0.0038581937551498413, 0.4466456174850464, -0.8947027325630188, 0.09035569429397583], [-0.9723301529884338, 0.20731163024902344, 0.10768526047468185, -0.6967868208885193], [0.0, 0.0, 0.0, 1.0]], [[0.1657869815826416, 0.868488609790802, 0.46716415882110596, 0.012802203185856342], [-0.03196944296360016, 0.4782038927078247, -0.8776668906211853, 0.08930665254592896], [-0.9856432676315308, 0.13057073950767517, 0.10704508423805237, -0.6961787939071655], [0.0, 0.0, 0.0, 1.0]], [[0.09751444309949875, 0.8627831339836121, 0.4960807263851166, 0.012079874984920025], [-0.056400418281555176, 0.5024460554122925, -0.8627669811248779, 0.08879311382770538], [-0.9936347007751465, 0.056153103709220886, 0.09765709936618805, -0.6961340308189392], [0.0, 0.0, 0.0, 1.0]], [[0.04125193506479263, 0.8540632724761963, 0.5185309052467346, 0.011407490819692612], [-0.08793714642524719, 0.5200622081756592, -0.8495895862579346, 0.08788798749446869], [-0.9952715039253235, -0.010550916194915771, 0.09655746817588806, -0.696745753288269], [0.0, 0.0, 0.0, 1.0]], [[0.00222193356603384, 0.8436927199363708, 0.5368217825889587, 0.010464307852089405], [-0.11843373626470566, 0.5332669615745544, -0.8376156687736511, 0.08657056093215942], [-0.9929594397544861, -0.06171666085720062, 0.10110656917095184, -0.6974142789840698], [0.0, 0.0, 0.0, 1.0]], [[-0.02375151589512825, 0.83186274766922, 0.5544728636741638, 0.008754165843129158], [-0.14674806594848633, 0.5457204580307007, -0.8250177502632141, 0.0847478061914444], [-0.988888680934906, -0.10096325725317001, 0.10911257565021515, -0.6985310912132263], [0.0, 0.0, 0.0, 1.0]], [[-0.0428488627076149, 0.8300395011901855, 0.5560561418533325, 0.00789170153439045], [-0.16621211171150208, 0.5428887605667114, -0.8231921195983887, 0.08384311199188232], [-0.9851585626602173, -0.12769612669944763, 0.11470041424036026, -0.7001552581787109], [0.0, 0.0, 0.0, 1.0]], [[-0.07340999692678452, 0.8288677930831909, 0.554607093334198, 0.00864721741527319], [-0.183296799659729, 0.535420835018158, -0.8244554996490479, 0.08426830172538757], [-0.9803128242492676, -0.16218101978302002, 0.11262359470129013, -0.7015106678009033], [0.0, 0.0, 0.0, 1.0]], [[-0.11379870027303696, 0.8201509118080139, 0.5607159733772278, 0.009972227737307549], [-0.21121960878372192, 0.5315077900886536, -0.8202961683273315, 0.0846404880285263], [-0.9707915186882019, -0.21178282797336578, 0.11274707317352295, -0.7021744847297668], [0.0, 0.0, 0.0, 1.0]], [[-0.1602298468351364, 0.8012914061546326, 0.5764186978340149, 0.010591939091682434], [-0.24947422742843628, 0.5321307182312012, -0.8090733289718628, 0.0843551754951477], [-0.955033540725708, -0.27343931794166565, 0.1146383062005043, -0.7025516629219055], [0.0, 0.0, 0.0, 1.0]], [[-0.17534232139587402, 0.7906081080436707, 0.5866804718971252, 0.00990297645330429], [-0.2767224609851837, 0.5323104858398438, -0.8000440001487732, 0.08358117938041687], [-0.9448173642158508, -0.3026292324066162, 0.1254424750804901, -0.7035425305366516], [0.0, 0.0, 0.0, 1.0]], [[-0.17028272151947021, 0.7867267727851868, 0.5933506488800049, 0.00785156525671482], [-0.29780226945877075, 0.5329015254974365, -0.7920417189598083, 0.08253373205661774], [-0.9393176436424255, -0.31157219409942627, 0.14354512095451355, -0.7054593563079834], [0.0, 0.0, 0.0, 1.0]], [[-0.1650039106607437, 0.7969152331352234, 0.5811194777488708, 0.006189658772200346], [-0.3001520037651062, 0.5206764936447144, -0.7992526292800903, 0.0828315019607544], [-0.9395118355751038, -0.3063039779663086, 0.1532820463180542, -0.707309365272522], [0.0, 0.0, 0.0, 1.0]], [[-0.15939877927303314, 0.8086158633232117, 0.5663325190544128, 0.005555273965001106], [-0.29769444465637207, 0.5075924396514893, -0.808534562587738, 0.08328846096992493], [-0.9412597417831421, -0.2974735200405121, 0.1598108559846878, -0.7088209390640259], [0.0, 0.0, 0.0, 1.0]], [[-0.16394169628620148, 0.8065028786659241, 0.5680460333824158, 0.005289155058562756], [-0.31117337942123413, 0.5041583180427551, -0.8056026697158813, 0.08343380689620972], [-0.9361059665679932, -0.30883267521858215, 0.16830964386463165, -0.7101368308067322], [0.0, 0.0, 0.0, 1.0]], [[-0.1777358204126358, 0.7997716665267944, 0.5733892321586609, 0.005494590383023024], [-0.3360307812690735, 0.4983200132846832, -0.799224853515625, 0.0839618593454361], [-0.9249287843704224, -0.33472734689712524, 0.18017858266830444, -0.7110643982887268], [0.0, 0.0, 0.0, 1.0]], [[-0.19478319585323334, 0.792130708694458, 0.5784361958503723, 0.0052010552026331425], [-0.36959928274154663, 0.48698562383651733, -0.791354238986969, 0.08437000215053558], [-0.908545970916748, -0.36793214082717896, 0.19791433215141296, -0.7120934724807739], [0.0, 0.0, 0.0, 1.0]], [[-0.21204112470149994, 0.7820598483085632, 0.5860212445259094, 0.004444545134902], [-0.39118528366088867, 0.4815957248210907, -0.78424471616745, 0.08444127440452576], [-0.8955516219139099, -0.39553502202033997, 0.20381221175193787, -0.7126660943031311], [0.0, 0.0, 0.0, 1.0]], [[-0.2298138439655304, 0.7710356116294861, 0.5938767790794373, 0.003985149320214987], [-0.4029114544391632, 0.4800869822502136, -0.7792168855667114, 0.08445674180984497], [-0.8859164714813232, -0.4183546304702759, 0.20032846927642822, -0.7123464941978455], [0.0, 0.0, 0.0, 1.0]], [[-0.24748212099075317, 0.7580039501190186, 0.6034755706787109, 0.0034354696981608868], [-0.4175418019294739, 0.47860825061798096, -0.7723943591117859, 0.0843636691570282], [-0.8743062615394592, -0.4431300759315491, 0.198051318526268, -0.7115089893341064], [0.0, 0.0, 0.0, 1.0]], [[-0.2760467231273651, 0.7389928698539734, 0.61456298828125, 0.003375913016498089], [-0.4500288665294647, 0.4656105041503906, -0.7620242834091187, 0.08453623950481415], [-0.8492775559425354, -0.486925333738327, 0.2040378600358963, -0.7102686166763306], [0.0, 0.0, 0.0, 1.0]], [[-0.31172633171081543, 0.7069249153137207, 0.6348887085914612, 0.0035374928265810013], [-0.4888436794281006, 0.4536490738391876, -0.7451404929161072, 0.08487445116043091], [-0.8147752285003662, -0.542641282081604, 0.2041614055633545, -0.7086381316184998], [0.0, 0.0, 0.0, 1.0]], [[-0.3419252336025238, 0.6670230627059937, 0.6619420647621155, 0.002882616