{"object_poses": [[[0.9996902346611023, 0.017436619848012924, 0.017757050693035126, 0.02494126744568348], [0.017385302111506462, -0.9998442530632019, 0.003040298819541931, 0.05019465088844299], [0.017807308584451675, -0.002730622887611389, -0.9998377561569214, -0.7013857960700989], [0.0, 0.0, 0.0, 1.0]], [[0.9999790191650391, 0.003936741501092911, 0.005116322077810764, 0.024835186079144478], [0.003947107121348381, -0.9999902248382568, -0.002017498016357422, 0.05015087127685547], [0.005108365789055824, 0.0020376592874526978, -0.999984860420227, -0.700709342956543], [0.0, 0.0, 0.0, 1.0]], [[0.9999800324440002, -0.005751775577664375, 0.002602572087198496, 0.025513531640172005], [-0.0057928552851080894, -0.9998542070388794, 0.016063392162322998, 0.04957842826843262], [0.00250980700366199, -0.0160781592130661, -0.9998674988746643, -0.7009086012840271], [0.0, 0.0, 0.0, 1.0]], [[0.9998748302459717, -0.0007922500371932983, 0.015803499147295952, 0.026695512235164642], [-0.0012225909158587456, -0.9996281862258911, 0.027239441871643066, 0.04958623647689819], [0.015776073560118675, -0.027255356311798096, -0.9995040893554688, -0.6999936699867249], [0.0, 0.0, 0.0, 1.0]], [[0.9992850422859192, 0.015325795859098434, 0.03456055745482445, 0.02756286785006523], [0.013476714491844177, -0.998497486114502, 0.053115472197532654, 0.049403294920921326], [0.0353226400911808, -0.05261172354221344, -0.9979901909828186, -0.6993869543075562], [0.0, 0.0, 0.0, 1.0]], [[0.9963122606277466, 0.03611067682504654, 0.07783292233943939, 0.027868617326021194], [0.029693370684981346, -0.9961828589439392, 0.08208546042442322, 0.04922562837600708], [0.08050000667572021, -0.0794716328382492, -0.9935814738273621, -0.6987941265106201], [0.0, 0.0, 0.0, 1.0]], [[0.9859955310821533, 0.08717624098062515, 0.14217284321784973, 0.0277273990213871], [0.07528019696474075, -0.9933585524559021, 0.08701610565185547, 0.04841837286949158], [0.14881432056427002, -0.07509467005729675, -0.9860096573829651, -0.6969200372695923], [0.0, 0.0, 0.0, 1.0]], [[0.9739705324172974, 0.1328006237745285, 0.1836998015642166, 0.027496639639139175], [0.11796710640192032, -0.9889764785766602, 0.08949506282806396, 0.04724133014678955], [0.19355979561805725, -0.06549499928951263, -0.9788999557495117, -0.6955145001411438], [0.0, 0.0, 0.0, 1.0]], [[0.9647214412689209, 0.13339224457740784, 0.22697778046131134, 0.027725903317332268], [0.11734925955533981, -0.9896306991577148, 0.08282619714736938, 0.04654531180858612], [0.23567256331443787, -0.05326852202415466, -0.9703714847564697, -0.6936129927635193], [0.0, 0.0, 0.0, 1.0]], [[0.9649117588996887, 0.11808838695287704, 0.23452192544937134, 0.027447372674942017], [0.10466080904006958, -0.9921153783798218, 0.06894394755363464, 0.04570703208446503], [0.24081426858901978, -0.04197955131530762, -0.9696630239486694, -0.6925980448722839], [0.0, 0.0, 0.0, 1.0]], [[0.9686118364334106, 0.08345208317041397, 0.234151229262352, 0.026915032416582108], [0.07635268568992615, -0.9963085651397705, 0.03923921287059784, 0.04557199776172638], [0.23656141757965088, -0.020129472017288208, -0.9714080095291138, -0.6912421584129333], [0.0, 0.0, 0.0, 1.0]], [[0.9772218465805054, 0.06451381742954254, 0.20217649638652802, 0.0270237997174263], [0.0637003481388092, -0.9979134202003479, 0.010534584522247314, 0.045772746205329895], [0.20243427157402039, 0.0025840848684310913, -0.9792923927307129, -0.6900103092193604], [0.0, 0.0, 0.0, 1.0]], [[0.9854862093925476, 0.08401203155517578, 0.1475093513727188, 0.027159152552485466], [0.08546750992536545, -0.9963346123695374, -0.0035451799631118774, 0.04549650847911835], [0.1466708481311798, 0.016100987792015076, -0.9890543222427368, -0.6887452602386475], [0.0, 0.0, 0.0, 1.0]], [[0.9891100525856018, 0.11806435883045197, 0.08787580579519272, 0.02744912914931774], [0.11854773014783859, -0.9929482936859131, -0.0002837926149368286, 0.04540397226810455], [0.0872226431965828, 0.010698169469833374, -0.9961314797401428, -0.6879051923751831], [0.0, 0.0, 0.0, 1.0]], [[0.9891815185546875, 0.13427378237247467, 0.059079959988594055, 0.027110081166028976], [0.1346222460269928, -0.99089515209198, -0.001940011978149414, 0.0451074093580246], [0.0582815483212471, 0.009872525930404663, -0.9982513785362244, -0.6872478723526001], [0.0, 0.0, 0.0, 1.0]], [[0.9874007105827332, 0.15158866345882416, 0.04539365693926811, 0.026563413441181183], [0.15162286162376404, -0.9884347319602966, 0.002708911895751953, 0.045439645648002625], [0.04527933523058891, 0.00420793890953064, -0.9989655017852783, -0.6869655251502991], [0.0, 0.0, 0.0, 1.0]], [[0.9873490333557129, 0.14758065342903137, 0.05798167362809181, 0.02621217630803585], [0.14782902598381042, -0.9890129566192627, 5.4836273193359375e-06, 0.04596467316150665], [0.05734545737504959, 0.008565977215766907, -0.9983177185058594, -0.6871075630187988], [0.0, 0.0, 0.0, 1.0]], [[0.9881784319877625, 0.14181464910507202, 0.058239392936229706, 0.02600620873272419], [0.14186528325080872, -0.9898805618286133, 0.0032850950956344604, 0.04623568058013916], [0.05811592936515808, 0.005015909671783447, -0.9982973337173462, -0.6874425411224365], [0.0, 0.0, 0.0, 1.0]], [[0.9888190627098083, 0.13701999187469482, 0.058842334896326065, 0.025396257638931274], [0.13698230683803558, -0.9905624389648438, 0.004692763090133667, 0.04690338671207428], [0.05893002450466156, 0.0034200698137283325, -0.9982563257217407, -0.6877502799034119], [0.0, 0.0, 0.0, 1.0]], [[0.9890932440757751, 0.13823099434375763, 0.05086130276322365, 0.025031354278326035], [0.13826510310173035, -0.9903910756111145, 0.0028649866580963135, 0.04745498299598694], [0.0507686510682106, 0.004198610782623291, -0.9987016320228577, -0.6881279349327087], [0.0, 0.0, 0.0, 1.0]], [[0.9891743063926697, 0.1392335444688797, 0.0463499091565609, 0.02516474388539791], [0.13941407203674316, -0.9902339577674866, -0.0006689578294754028, 0.04803885519504547], [0.04580412805080414, 0.007123544812202454, -0.9989250898361206, -0.6883166432380676], [0.0, 0.0, 0.0, 1.0]], [[0.9891721606254578, 0.13932952284812927, 0.046105194836854935, 0.024934004992246628], [0.1395697295665741, -0.9902101755142212, -0.0020164549350738525, 0.04846887290477753], [0.04537287354469299, 0.00842951238155365, -0.9989345073699951, -0.6889944672584534], [0.0, 0.0, 0.0, 1.0]], [[0.9897728562355042, 0.1358562707901001, 0.043505486100912094, 0.02461175248026848], [0.13602936267852783, -0.9907042384147644, -0.0010298341512680054, 0.049112170934677124], [0.04296113923192024, 0.006937339901924133, -0.9990526437759399, -0.6893783211708069], [0.0, 0.0, 0.0, 1.0]], [[0.9908798933029175, 0.12182038277387619, 0.0575934574007988, 0.023931073024868965], [0.12234807014465332, -0.9924708604812622, -0.00571383535861969, 0.049587950110435486], [0.05646377056837082, 0.01270817220211029, -0.9983238577842712, -0.6902395486831665], [0.0, 0.0, 0.0, 1.0]], [[0.9912282228469849, 0.11329064518213272, 0.06805667281150818, 0.023176690563559532], [0.11429757624864578, -0.9933847784996033, -0.011076182126998901, 0.049935147166252136], [0.06635167449712753, 0.018757760524749756, -0.9976198673248291, -0.6908353567123413], [0.0, 0.0, 0.0, 1.0]], [[0.9901949763298035, 0.12355189770460129, 0.06518259644508362, 0.022820454090833664], [0.12448731064796448, -0.9921659827232361, -0.010474160313606262, 0.0505073219537735], [0.06337786465883255, 0.01848587393760681, -0.9978184700012207, -0.6914189457893372], [0.0, 0.0, 0.0, 1.0]], [[0.9893780946731567, 0.13383224606513977, 0.05674527585506439, 0.02208850160241127], [0.13482853770256042, -0.9907688498497009, -0.014090299606323242, 0.05083097517490387], [0.05433575063943863, 0.021591514348983765, -0.9982894062995911, -0.6923423409461975], [0.0, 0.0, 0.0, 1.0]], [[0.9879612326622009, 0.14896567165851593, 0.04173707962036133, 0.02143518067896366], [0.14956054091453552, -0.9886857271194458, -0.01149420440196991, 0.051117897033691406], [0.03955258056521416, 0.017598047852516174, -0.9990625381469727, -0.6932373642921448], [0.0, 0.0, 0.0, 1.0]], [[0.9847074747085571, 0.1732848733663559, 0.017988000065088272, 0.021125901490449905], [0.1734868586063385, -0.9847819209098816, -0.010340988636016846, 0.051936060190200806], [0.01592230796813965, 0.01330353319644928, -0.9997848272323608, -0.6942198276519775], [0.0, 0.0, 0.0, 1.0]], [[0.9837020039558411, 0.179805189371109, -0.0007422072812914848, 0.02095005288720131], [0.17975938320159912, -0.9835293292999268, -0.01888580620288849, 0.05291259288787842], [-0.0041257403790950775, 0.01844458281993866, -0.9998214244842529, -0.6953147649765015], [0.0, 0.0, 0.0, 1.0]], [[0.9851276874542236, 0.17117707431316376, -0.01490078866481781, 0.02072875387966633], [0.17047524452209473, -0.9845564365386963, -0.039835795760154724, 0.05424316227436066], [-0.021489642560482025, 0.036703139543533325, -0.9990951418876648, -0.6965513229370117], [0.0, 0.0, 0.0, 1.0]], [[0.9893525838851929, 0.14159317314624786, -0.0336589440703392, 0.021415073424577713], [0.13923676311969757, -0.9881702661514282, -0.06428810954093933, 0.05628298223018646], [-0.04236351326107979, 0.05891701579093933, -0.997363805770874, -0.6979086995124817], [0.0, 0.0, 0.0, 1.0]], [[0.9929729700088501, 0.09977604448795319, -0.06363575905561447, 0.022763090208172798], [0.09469912946224213, -0.9924179315567017, -0.07835008949041367, 0.058061838150024414], [-0.07097074389457703, 0.07177326083183289, -0.9948927760124207, -0.7000885009765625], [0.0, 0.0, 0.0, 1.0]], [[0.990249752998352, 0.07733659446239471, -0.11586372554302216, 0.024246061220765114], [0.06973844766616821, -0.9952271580696106, -0.06826123595237732, 0.060376182198524475], [-0.12058978527784348, 0.05951552093029022, -0.9909167885780334, -0.7027072310447693], [0.0, 0.0, 0.0, 1.0]], [[0.9857645034790039, 0.07279374450445175, -0.15155677497386932, 0.025819221511483192], [0.06644497811794281, -0.9967037439346313, -0.04654820263385773, 0.06223025918006897], [-0.1544456034898758, 0.03581537306308746, -0.9873520135879517, -0.7046324014663696], [0.0, 0.0, 0.0, 1.0]], [[0.9766979217529297, 0.09958238154649734, -0.1901170313358307, 0.027960466220974922], [0.09048105031251907, -0.9943231344223022, -0.05598875880241394, 0.06363530457019806], [-0.1946132332086563, 0.037482112646102905, -0.9801636934280396, -0.7056374549865723], [0.0, 0.0, 0.0, 1.0]], [[0.9846161007881165, 0.07493776082992554, -0.15784640610218048, 0.029457582160830498], [0.05657230317592621, -0.9914253950119019, -0.11779297143220901, 0.06500273942947388], [-0.16532009840011597, 0.10705111175775528, -0.9804128408432007, -0.70713871717453], [0.0, 0.0, 0.0, 1.0]], [[0.9950340390205383, 0.0069777946919202805, -0.09929041564464569, 0.02931097149848938], [-0.014613073319196701, -0.9764896631240845, -0.21506854891777039, 0.06650787591934204], [-0.09845676273107529, 0.2154514491558075, -0.9715384840965271, -0.7099100351333618], [0.0, 0.0, 0.0, 1.0]], [[0.9971363544464111, -0.06505123525857925, -0.03856774792075157, 0.029212653636932373], [-0.07355262339115143, -0.9527853727340698, -0.2946014702320099, 0.06744737923145294], [-0.01758260652422905, 0.2965945899486542, -0.9548416137695312, -0.7129366993904114], [0.0, 0.0, 0.0, 1.0]], [[0.9930136203765869, -0.117230124771595, -0.013455257751047611, 0.027523448690772057], [-0.11476021260023117, -0.9329168796539307, -0.3413155972957611, 0.06742404401302338], [0.027459820732474327, 0.3404751718044281, -0.9398524761199951, -0.7155247926712036], [0.0, 0.0, 0.0, 1.0]], [[0.9913686513900757, -0.1278136521577835, 0.029185837134718895, 0.02492304891347885], [-0.10480432957410812, -0.9063621163368225, -0.40929681062698364, 0.06673701107501984], [0.07876668870449066, 0.40270525217056274, -0.9119344353675842, -0.7167689204216003], [0.0, 0.0, 0.0, 1.0]], [[0.9927058219909668, -0.11848107725381851, 0.022303592413663864, 0.02361181005835533], [-0.09979864209890366, -0.9113494753837585, -0.39935240149497986, 0.06600528955459595], [0.06764206290245056, 0.3942135274410248, -0.916526198387146, -0.7190926671028137], [0.0, 0.0, 0.0, 1.0]], [[0.9858182072639465, -0.16184014081954956, 0.04438796639442444, 0.023760899901390076], [-0.13385014235973358, -0.9178270697593689, -0.3737347722053528, 0.06494219601154327], [0.10122577100992203, 0.36249321699142456, -0.9264730215072632, -0.7206932902336121], [0.0, 0.0, 0.0, 1.0]], [[0.9759376049041748, -0.2160194218158722, 0.029687650501728058, 0.023695439100265503], [-0.19141525030136108, -0.9139572381973267, -0.35783037543296814, 0.06384143233299255], [0.10443153977394104, 0.34353744983673096, -0.9333146214485168, -0.7212890386581421], [0.0, 0.0, 0.0, 1.0]], [[0.9761659502983093, -0.2134079933166504, -0.039459697902202606, 0.024158166721463203], [-0.2130160629749298, -0.9073739051818848, -0.3623490333557129, 0.06351742148399353], [0.041523516178131104, 0.36211833357810974, -0.9312068819999695, -0.7216196656227112], [0.0, 0.0, 0.0, 1.0]], [[0.972230851650238, -0.1861504465341568, -0.14182758331298828, 0.02561107650399208], [-0.2287306934595108, -0.8840187788009644, -0.4076678454875946, 0.06323274970054626], [-0.04949070140719414, 0.42878758907318115, -0.902048647403717, -0.7228476405143738], [0.0, 0.0, 0.0, 1.0]], [[0.9565362930297852, -0.17385520040988922, -0.23412112891674042, 0.026322532445192337], [-0.26436084508895874, -0.8558653593063354, -0.444531112909317, 0.062489092350006104], [-0.12309212982654572, 0.4871026277542114, -0.8646267056465149, -0.7226354479789734], [0.0, 0.0, 0.0, 1.0]], [[0.9329886436462402, -0.17588679492473602, -0.3140003979206085, 0.02584981359541416], [-0.3061392903327942, -0.846571683883667, -0.4354252517223358, 0.0614975243806839], [-0.1892382800579071, 0.5023745894432068, -0.8436876535415649, -0.7220249176025391], [0.0, 0.0, 0.0, 1.0]], [[0.8976026773452759, -0.21647608280181885, -0.383989155292511, 0.02434069849550724], [-0.3727366626262665, -0.8377754092216492, -0.398998498916626, 0.060324519872665405], [-0.23532305657863617, 0.5012688636779785, -0.832677960395813, -0.720998227596283], [0.0, 0.0, 0.0, 1.0]], [[0.8431011438369751, -0.2568407654762268, -0.47245439887046814, 0.02326694130897522], [-0.44573232531547546, -0.825270414352417, -0.3467728793621063, 0.05915641784667969], [-0.3008372187614441, 0.5029528737068176, -0.8102686405181885, -0.7184942364692688], [0.0, 0.0, 0.0, 1.0]], [[0.7717975974082947, -0.2910348176956177, -0.5653558373451233, 0.022649351507425308], [-0.5111170411109924, -0.812863826751709, -0.27930596470832825, 0.05834454298019409], [-0.3782694637775421, 0.504530668258667, -0.7761192321777344, -0.7169290781021118], [0.0, 0.0, 0.0, 1.0]], [[0.715809166431427, -0.33240434527397156, -0.6141047477722168, 0.022763412445783615], [-0.5644454956054688, -0.7931897640228271, -0.2285856306552887, 0.05809341371059418], [-0.41111865639686584, 0.5102522373199463, -0.7553966045379639, -0.7158561944961548], [0.0, 0.0, 0.0, 1.0]], [[0.6712248921394348, -0.379082590341568, -0.6369878649711609, 0.02200189232826233], [-0.6201368570327759, -0.7579318284988403, -0.2024097442626953, 0.05711011588573456], [-0.4060633182525635, 0.5308821201324463, -0.7438258528709412, -0.7129785418510437], [0.0, 0.0, 0.0, 1.0]], [[0.6174868941307068, -0.4525323212146759, -0.6433695554733276, 0.021587790921330452], [-0.6864609122276306, -0.7093707919120789, -0.15988855063915253, 0.057148560881614685], [-0.3840329051017761, 0.540377140045166, -0.7486729025840759, -0.7105372548103333], [0.0, 0.0, 0.0, 1.0]], [[0.543258786201477, -0.5752927660942078, -0.6114804148674011, 0.02005722187459469], [-0.7684023380279541, -0.6341559886932373, -0.08604708313941956, 0.05701972544193268], [-0.3382715582847595, 0.5166088342666626, -0.7865670323371887, -0.7081373333930969], [0.0, 0.0, 0.0, 1.0]], [[0.4505229890346527, -0.710276186466217, -0.5408666729927063, 0.01945190690457821], [-0.8288488984107971, -0.557877779006958, 0.04221336543560028, 0.056623801589012146], [-0.33172059059143066, 0.4292786717414856, -0.8400483727455139, -0.7052481174468994], [0.0, 0.0, 0.0, 1.0]], [[0.32130536437034607, -0.8152616620063782, -0.481779545545578, 0.017958851531147957], [-0.8702890276908875, -0.4547725319862366, 0.1891530454158783, 0.05603824555873871], [-0.37330928444862366, 0.3585115373134613, -0.8556341528892517, -0.7013861536979675], [0.0, 0.0, 0.0, 1.0]], [[0.1520250141620636, -0.8976126909255981, -0.41373899579048157, 0.016572430729866028], [-0.8821597099304199, -0.3120095431804657, 0.35276687145233154, 0.054292887449264526], [-0.4457384943962097, 0.311354398727417, -0.8392709493637085, -0.6976755857467651], [0.0, 0.0, 0.0, 1.0]], [[-0.06539284437894821, -0.953327476978302, -0.29477182030677795, 0.01454494334757328], [-0.8383432626724243, -0.10773010551929474, 0.5343919396400452, 0.052315860986709595], [-0.5412063598632812, 0.28206539154052734, -0.7921708822250366, -0.6946377158164978], [0.0, 0.0, 0.0, 1.0]], [[-0.32148295640945435, -0.9412037134170532, -0.10384728014469147, 0.012377246282994747], [-0.7023653984069824, 0.16346502304077148, 0.6927928924560547, 0.050821512937545776], [-0.635083794593811, 0.2956598997116089, -0.713620126247406, -0.6920928359031677], [0.0, 0.0, 0.0, 1.0]], [[-0.5418068766593933, -0.8365333080291748, 0.08159267157316208, 0.009789199568331242], [-0.5004564523696899, 0.3990735411643982, 0.7682992815971375, 0.048852115869522095], [-0.675269365310669, 0.3754361867904663, -0.6348692774772644, -0.6901182532310486], [0.0, 0.0, 0.0, 1.0]], [[-0.714418351650238, -0.6806118488311768, 0.16240058839321136, 0.00716997217386961], [-0.3076270818710327, 0.5139733552932739, 0.8007477521896362, 0.04973691701889038], [-0.6284679770469666, 0.522110104560852, -0.5765666961669922, -0.6884545087814331], [0.0, 0.0, 0.0, 1.0]], [[-0.8008503317832947, -0.5811262130737305, 0.14467601478099823, 0.006722911261022091], [-0.2330327033996582, 0.5249432325363159, 0.8186150193214417, 0.05087365210056305], [-0.5516652464866638, 0.6218737959861755, -0.5558223724365234, -0.6864939332008362], [0.0, 0.0, 0.0, 1.0]], [[-0.8239350914955139, -0.5574696063995361, 0.10177688300609589, 0.0074316635727882385], [-0.24240951240062714, 0.509061336517334, 0.8258899450302124, 0.05116048455238342], [-0.512219250202179, 0.6558080911636353, -0.5545694231987, -0.6845985054969788], [0.0, 0.0, 0.0, 1.0]], [[-0.7820115685462952, -0.6125310659408569, 0.11516819894313812, 0.00827091932296753], [-0.26515522599220276, 0.4941886067390442, 0.8279314041137695, 0.05156625807285309], [-0.5640484094619751, 0.6169144511222839, -0.5488770008087158, -0.6830655336380005], [0.0, 0.0, 0.0, 1.0]], [[-0.726704478263855, -0.6429341435432434, 0.2419425994157791, 0.010064744390547276], [-0.20714740455150604, 0.5408980250358582, 0.8151805400848389, 0.05263356864452362], [-0.6549736857414246, 0.5422775745391846, -0.5262551307678223, -0.6806946992874146], [0.0, 0.0, 0.0, 1.0]], [[-0.6726765632629395, -0.5985312461853027, 0.4350476562976837, 0.011103110387921333], [-0.08961781859397888, 0.6495263576507568, 0.7550391554832458, 0.05366988480091095], [-0.7344895005226135, 0.4689091742038727, -0.49056023359298706, -0.6794599294662476], [0.0, 0.0, 0.0, 1.0]], [[-0.6352190971374512, -0.504950225353241, 0.5843988060951233, 0.011612472124397755], [-0.0033153295516967773, 0.7584437131881714, 0.6517301797866821, 0.054976195096969604], [-0.7723249197006226, 0.4120539426803589, -0.4834519624710083, -0.6792668104171753], [0.0, 0.0, 0.0, 1.0]], [[-0.5972257852554321, -0.40995463728904724, 0.6893899440765381, 0.012244075536727905], [0.051764264702796936, 0.8380177021026611, 0.5431820750236511, 0.056190818548202515], [-0.8004011511802673, 0.3600880801677704, -0.4792647957801819, -0.6798123717308044], [0.0, 0.0, 0.0, 1.0]], [[-0.5016595125198364, -0.2919690012931824, 0.8143044710159302, 0.012782097794115543], [0.160041943192482, 0.8937475681304932, 0.41904860734939575, 0.05767582356929779], [-0.8501319885253906, 0.34054258465766907, -0.40162962675094604, -0.6797114014625549], [0.0, 0.0, 0.0, 1.0]], [[-0.3508858382701874, -0.15449869632720947, 0.923585057258606, 0.013854369521141052], [0.32374075055122375, 0.9054626226425171, 0.27446186542510986, 0.056784361600875854], [-0.8786757588386536, 0.39530688524246216, -0.2676965594291687, -0.676607072353363], [0.0, 0.0, 0.0, 1.0]], [[-0.20515108108520508, -0.030435193330049515, 0.9782570600509644, 0.015427414327859879], [0.4475744068622589, 0.8859645128250122, 0.12142504006624222, 0.05551382899284363], [-0.8703965544700623, 0.4627533555030823, -0.16813457012176514, -0.6745421886444092], [0.0, 0.0, 0.0, 1.0]], [[-0.13611459732055664, -0.016726993024349213, 0.9905520081520081, 0.016243046149611473], [0.46920379996299744, 0.8795199394226074, 0.07932668924331665, 0.056874051690101624], [-0.8725369572639465, 0.47556814551353455, -0.11186712980270386, -0.6758298873901367], [0.0, 0.0, 0.0, 1.0]], [[-0.19480669498443604, -0.09276340901851654, 0.9764453768730164, 0.01656339317560196], [0.43135398626327515, 0.8859778046607971, 0.17022661864757538, 0.05877837538719177], [-0.8808997273445129, 0.45435476303100586, -0.13258051872253418, -0.6769701242446899], [0.0, 0.0, 0.0, 1.0]], [[-0.23063787817955017, -0.13335832953453064, 0.9638577699661255, 0.01737961918115616], [0.4103616178035736, 0.884833812713623, 0.22061853110790253, 0.05986657738685608], [-0.8822752237319946, 0.44641315937042236, -0.14935104548931122, -0.6773661375045776], [0.0, 0.0, 0.0, 1.0]], [[-0.20294882357120514, -0.11417298018932343, 0.9725103378295898, 0.01799805834889412], [0.4420410692691803, 0.8755345940589905, 0.19503557682037354, 0.05974219739437103], [-0.873734176158905, 0.46947169303894043, -0.127219557762146, -0.6778794527053833], [0.0, 0.0, 0.0, 1.0]], [[-0.12431248277425766, -0.03330051153898239, 0.9916842579841614, 0.018104031682014465], [0.5535311698913574, 0.827141284942627, 0.09716306626796722, 0.06059455871582031], [-0.8234984874725342, 0.5610066652297974, -0.08439113199710846, -0.6783717274665833], [0.0, 0.0, 0.0, 1.0]], [[-0.03588300198316574, 0.0381813645362854, 0.9986264705657959, 0.018755294382572174], [0.6302037239074707, 0.7763979434967041, -0.007040001451969147, 0.06119927763938904], [-0.775600254535675, 0.6290854811668396, -0.05192152410745621, -0.6779189109802246], [0.0, 0.0, 0.0, 1.0]], [[0.01323351263999939, 0.0480542816221714, 0.9987570643424988, 0.020093213766813278], [0.6770493388175964, 0.7346020936965942, -0.04431559890508652, 0.06221270561218262], [-0.73581862449646, 0.6767943501472473, -0.022813741117715836, -0.6786996722221375], [0.0, 0.0, 0.0, 1.0]], [[0.007659470662474632, 0.013041489757597446, 0.999885618686676, 0.020724385976791382], [0.7117977738380432, 0.7022324800491333, -0.014611831866204739, 0.062443166971206665], [-0.7023426294326782, 0.711828351020813, -0.0039041812997311354, -0.6784946918487549], [0.0, 0.0, 0.0, 1.0]], [[0.05607626214623451, 0.014245121739804745, 0.998324990272522, 0.021725676953792572], [0.7256324887275696, 0.6862231492996216, -0.05055077001452446, 0.0631914734840393], [-0.6857936978340149, 0.7272515892982483, 0.02814410626888275, -0.6780630350112915], [0.0, 0.0, 0.0, 1.0]], [[0.10829636454582214, 0.06427977979183197, 0.9920384287834167, 0.022853298112750053], [0.7611604928970337, 0.6365336179733276, -0.1243370920419693, 0.06390988826751709], [-0.6394580006599426, 0.7685657143592834, 0.020007072016596794, -0.6777559518814087], [0.0, 0.0, 0.0, 1.0]], [[0.1741081029176712, 0.11485042423009872, 0.9780060052871704, 0.02331831306219101], [0.7880878448486328, 0.5792410969734192, -0.20832036435604095, 0.06441256403923035], [-0.5904269218444824, 0.8070248365402222, 0.010338358581066132, -0.6781576871871948], [0.0, 0.0, 0.0, 1.0]], [[0.1989966630935669, 0.13361147046089172, 0.9708492755889893, 0.024105340242385864], [0.853213369846344, 0.4637314975261688, -0.2387048900127411, 0.0651613175868988], [-0.48210710287094116, 0.8758430480957031, -0.02171807363629341, -0.6786854863166809], [0.0, 0.0, 0.0, 1.0]], [[0.1983357071876526, 0.11379392445087433, 0.9735060930252075, 0.024393513798713684], [0.9340753555297852, 0.27895283699035645, -0.22290939092636108, 0.06513439118862152], [-0.29692792892456055, 0.9535389542579651, -0.050965793430805206, -0.6791943907737732], [0.0, 0.0, 0.0, 1.0]], [[0.17861737310886383, 0.06455174833536148, 0.9817988276481628, 0.024325931444764137], [0.9783573150634766, 0.09429056942462921, -0.18419072031974792, 0.06525355577468872], [-0.10446420311927795, 0.9934496879577637, -0.04631274193525314, -0.6802598834037781], [0.0, 0.0, 0.0, 1.0]], [[0.14289864897727966, 7.698964327573776e-05, 0.9897373914718628, 0.024578815326094627], [0.9885514974594116, -0.04895012080669403, -0.14272363483905792, 0.06525447964668274], [0.04843677580356598, 0.9988012909889221, -0.007070992141962051, -0.6814935803413391], [0.0, 0.0, 0.0, 1.0]], [[0.1340993195772171, -0.051164936274290085, 0.9896461963653564, 0.02526191994547844], [0.977615237236023, -0.15655818581581116, -0.1405632048845291, 0.06593962013721466], [0.16212908923625946, 0.9863426089286804, 0.029025299474596977, -0.6824876666069031], [0.0, 0.0, 0.0, 1.0]], [[0.16828109323978424, -0.08136849105358124, 0.9823750257492065, 0.026069341227412224], [0.9575196504592896, -0.223258376121521, -0.1825154721736908, 0.06688597798347473], [0.2341744601726532, 0.9713572263717651, 0.04034174978733063, -0.6837660670280457], [0.0, 0.0, 0.0, 1.0]], [[0.19463708996772766, -0.12513945996761322, 0.9728599786758423, 0.026142194867134094], [0.9263788461685181, -0.3025432825088501, -0.2242540419101715, 0.06810924410820007], [0.3223952651023865, 0.9448850154876709, 0.05704042688012123, -0.6867260336875916], [0.0, 0.0, 0.0, 1.0]], [[0.2525079548358917, -0.1664292812347412, 0.9531741738319397, 0.026649318635463715], [0.8825952410697937, -0.3641231656074524, -0.29738855361938477, 0.06927981972694397], [0.3965669274330139, 0.9163600206375122, 0.0549456961452961, -0.6898186802864075], [0.0, 0.0, 0.0, 1.0]], [[0.31738269329071045, -0.2002413272857666, 0.9269151091575623, 0.027806982398033142], [0.8229081630706787, -0.4275965690612793, -0.3741435110569, 0.0694677084684372], [0.4712646007537842, 0.8815127015113831, 0.029068492352962494, -0.6923127770423889], [0.0, 0.0, 0.0, 1.0]], [[0.4144573509693146, -0.21304962038993835, 0.8847796320915222, 0.029353756457567215], [0.7282611131668091, -0.5053909420967102, -0.46283450722694397, 0.07017917931079865], [0.545766294002533, 0.8361757397651672, -0.0543072372674942, -0.6954305768013], [0.0, 0.0, 0.0, 1.0]], [[0.520627498626709, -0.21685248613357544, 0.8257856369018555, 0.030071113258600235], [0.5991775989532471, -0.5962212681770325, -0.534328043460846, 0.07126739621162415], [0.6082213521003723, 0.7729781270027161, -0.18047603964805603, -0.6998514533042908], [0.0, 0.0, 0.0, 1.0]], [[0.5674818754196167, -0.228886678814888, 0.7909330725669861, 0.030954288318753242], [0.4987034201622009, -0.6688057780265808, -0.5513562560081482, 0.07271111011505127], [0.6551787257194519, 0.7073256969451904, -0.2653886079788208, -0.7024950981140137], [0.0, 0.0, 0.0, 1.0]], [[0.5370333790779114, -0.28035059571266174, 0.7956121563911438, 0.03152438998222351], [0.45231688022613525, -0.7004122734069824, -0.5521160364151001, 0.07208330929279327], [0.7120425701141357, 0.6563735008239746, -0.24933749437332153, -0.7030640840530396], [0.0, 0.0, 0.0, 1.0]], [[0.47801274061203003, -0.3734346926212311, 0.7950158715248108, 0.02910768799483776], [0.37573498487472534, -0.7311913371086121, -0.5693701505661011, 0.07185700535774231], [0.7939313650131226, 0.5708814859390259, -0.20920631289482117, -0.705869734287262], [0.0, 0.0, 0.0, 1.0]], [[0.438993901014328, -0.45364779233932495, 0.7755566835403442, 0.02958623133599758], [0.29537832736968994, -0.742333173751831, -0.6014093160629272, 0.072434201836586], [0.8485493659973145, 0.4930976629257202, -0.19188201427459717, -0.7073367834091187], [0.0, 0.0, 0.0, 1.0]], [[0.46118074655532837, -0.5182726383209229, 0.7202123999595642, 0.028800398111343384], [0.22970649600028992, -0.7142775058746338, -0.6610920429229736, 0.07265672087669373], [0.8570573925971985, 0.47032031416893005, -0.21036037802696228, -0.7094182968139648], [0.0, 0.0, 0.0, 1.0]], [[0.5464335680007935, -0.518753170967102, 0.6574995517730713, 0.028112411499023438], [0.22518008947372437, -0.6651594042778015, -0.7119389176368713, 0.07318775355815887], [0.8066624999046326, 0.537083089351654, -0.24665257334709167, -0.7109575271606445], [0.0, 0.0, 0.0, 1.0]], [[0.6675363183021545, -0.49129652976989746, 0.559484601020813, 0.028474867343902588], [0.2148766964673996, -0.5923296809196472, -0.7765138149261475, 0.0734451562166214], [0.712897777557373, 0.6385713815689087, -0.2898334264755249, -0.7115955352783203], [0.0, 0.0, 0.0, 1.0]], [[0.741834819316864, -0.4665570557117462, 0.48166975378990173, 0.02848164178431034], [0.18352735042572021, -0.5496047139167786, -0.8150169253349304, 0.07396107912063599], [0.6449797749519348, 0.6930074095726013, -0.32208994030952454, -0.7132282257080078], [0.0, 0.0, 0.0, 1.0]], [[0.7789573669433594, -0.443980872631073, 0.4428391754627228, 0.02865697629749775], [0.16332551836967468, -0.5381772518157959, -0.8268555402755737, 0.0742979645729065], [0.6054339408874512, 0.7164120674133301, -0.3467036783695221, -0.7143374085426331], [0.0, 0.0, 0.0, 1.0]], [[0.8262467384338379, -0.4123852849006653, 0.3837376832962036, 0.02904335968196392], [0.1406271606683731, -0.5086477994918823, -0.8494123816490173, 0.07471990585327148], [0.5454725027084351, 0.7557882070541382, -0.36227595806121826, -0.7150812149047852], [0.0, 0.0, 0.0, 1.0]], [[0.8312236070632935, -0.4327937960624695, 0.3489367663860321, 0.02937944233417511], [0.11340725421905518, -0.482451856136322, -0.8685499429702759, 0.07534442842006683], [0.5442482233047485, 0.7615311145782471, -0.35194340348243713, -0.7159141898155212], [0.0, 0.0, 0.0, 1.0]], [[0.8234941363334656, -0.46638548374176025, 0.32302042841911316, 0.02974550426006317], [0.05322185158729553, -0.5033551454544067, -0.8624391555786133, 0.0757693499326706], [0.5648230314254761, 0.7274051904678345, -0.3896881341934204, -0.7167796492576599], [0.0, 0.0, 0.0, 1.0]], [[0.7965933084487915, -0.5221455097198486, 0.304636150598526, 0.03044956922531128], [-0.04377475380897522, -0.5524352192878723, -0.832405686378479, 0.07599371671676636], [0.6029285788536072, 0.6497533917427063, -0.46292296051979065, -0.7175064086914062], [0.0, 0.0, 0.0, 1.0]], [[0.7453866004943848, -0.5710629820823669, 0.3439272344112396, 0.032196398824453354], [-0.117430180311203, -0.6203289031982422, -0.7755012512207031, 0.07711820304393768], [0.6562080979347229, 0.5376608371734619, -0.5294448137283325, -0.7174636721611023], [0.0, 0.0, 0.0, 1.0]], [[0.7391843795776367, -0.6046868562698364, 0.2965809106826782, 0.03444962948560715], [-0.2504878044128418, -0.6555929183959961, -0.7123579978942871, 0.07848893105983734], [0.6251898407936096, 0.45227399468421936, -0.636070728302002, -0.7178415656089783], [0.0, 0.0, 0.0, 1.0]], [[0.7352501153945923, -0.6400244235992432, 0.22310544550418854, 0.036558132618665695], [-0.3767842948436737, -0.659563422203064, -0.6503919959068298, 0.08113786578178406], [0.5634189248085022, 0.3941381573677063, -0.7260951995849609, -0.7199965715408325], [0.0, 0.0, 0.0, 1.0]], [[0.7434490919113159, -0.6599898934364319, 0.10815241187810898, 0.03931631147861481], [-0.4773210883140564, -0.6368910074234009, -0.6054208278656006, 0.0828152745962143], [0.46845290064811707, 0.3984760642051697, -0.7885231375694275, -0.7215554118156433], [0.0, 0.0, 0.0, 1.0]], [[0.7883803844451904, -0.6151258945465088, 0.008750339969992638, 0.042465124279260635], [-0.4877801835536957, -0.6337078213691711, -0.6004040837287903, 0.08495374023914337], [0.3748692572116852, 0.4690784811973572, -0.7996490001678467, -0.7230343222618103], [0.0, 0.0, 0.0, 1.0]], [[0.8284264206886292, -0.5563398003578186, -0.06477449834346771, 0.04479949176311493], [-0.46652400493621826, -0.6213966608047485, -0.6294613480567932, 0.08782979846000671], [0.3099437654018402, 0.5516811609268188, -0.774327278137207, -0.7276014089584351], [0.0, 0.0, 0.0, 1.0]], [[0.8637049198150635, -0.49011585116386414, -0.11747433245182037, 0.04690106213092804], [-0.4328221380710602, -0.6018800735473633, -0.6711226105690002, 0.09007643163204193], [0.25822240114212036, 0.630497395992279, -0.7319797873497009, -0.7321606278419495], [0.0, 0.0, 0.0, 1.0]], [[0.8894756436347961, -0.43584349751472473, -0.13738074898719788, 0.049123622477054596], [-0.4084920883178711, -0.6235476732254028, -0.6665753126144409, 0.09143510460853577], [0.20485903322696686, 0.6490213871002197, -0.7326691150665283, -0.7349801063537598], [0.0, 0.0, 0.0, 1.0]], [[0.8832383155822754, -0.45437344908714294, -0.11590857058763504, 0.049453817307949066], [-0.42053481936454773, -0.6581583619117737, -0.6244821548461914, 0.09153583645820618], [0.2074619084596634, 0.6003103256225586, -0.7723904848098755, -0.7400352954864502], [0.0, 0.0, 0.0, 1.0]], [[0.8507291674613953, -0.5157821178436279, -0.10113663971424103, 0.05063652619719505], [-0.4810480773448944, -0.6865290403366089, -0.5452252626419067, 0.09087419509887695], [0.21178418397903442, 0.5124906301498413, -0.832166314125061, -0.7441648840904236], [0.0, 0.0, 0.0, 1.0]], [[0.742597758769989, -0.6643187999725342, -0.08502442389726639, 0.05267994850873947], [-0.6184781789779663, -0.6315033435821533, -0.4676414132118225, 0.089297816157341], [0.25696977972984314, 0.3998551368713379, -0.8798195719718933, -0.7479127645492554], [0.0, 0.0, 0.0, 1.0]], [[0.6035380959510803, -0.7919701337814331, -0.0923314094543457, 0.054204680025577545], [-0.7508841156959534, -0.5256069302558899, -0.3998880386352539, 0.09125372767448425], [0.2681693434715271, 0.3106778860092163, -0.911901593208313, -0.7543715238571167], [0.0, 0.0, 0.0, 1.0]], [[0.5412899851799011, -0.8230210542678833, -0.17216703295707703, 0.05253707617521286], [-0.8069596290588379, -0.4509409964084625, -0.3814033567905426, 0.09362658858299255], [0.23626583814620972, 0.34538158774375916, -0.9082346558570862, -0.7529813647270203], [0.0, 0.0, 0.0, 1.0]], [[0.5987429022789001, -0.764307975769043, -0.239458367228508, 0.05247720330953598], [-0.7626488208770752, -0.4527042508125305, -0.4619801640510559, 0.0921252965927124], [0.24469128251075745, 0.459229975938797, -0.8539519906044006, -0.7461302280426025], [0.0, 0.0, 0.0, 1.0]], [[0.6729229092597961, -0.6910037398338318, -0.26398608088493347, 0.05355463922023773], [-0.6980768442153931, -0.47518759965896606, -0.5356168746948242, 0.08757701516151428], [0.24467036128044128, 0.5447114109992981, -0.8021383285522461, -0.7397280931472778], [0.0, 0.0, 0.0, 1.0]], [[0.717937171459198, -0.6571965217590332, -0.22947514057159424, 0.05450313165783882], [-0.6482296586036682, -0.5110412836074829, -0.5644777417182922, 0.0870879590511322], [0.2537015974521637, 0.5540121793746948, -0.7929098010063171, -0.7399449348449707], [0.0, 0.0, 0.0, 1.0]], [[0.6779261231422424, -0.7092551589012146, -0.19332152605056763, 0.0544392429292202], [-0.6601930260658264, -0.47171688079833984, -0.5844898223876953, 0.08689296245574951], [0.3233594298362732, 0.5238704681396484, -0.7880346179008484, -0.7405937910079956], [0.0, 0.0, 0.0, 1.0]], [[0.6372556090354919, -0.7491927146911621, -0.18059800565242767, 0.05542086437344551], [-0.6773715019226074, -0.43276551365852356, -0.5948797464370728, 0.0868946760892868], [0.3675228953361511, 0.5014224052429199, -0.7832640409469604, -0.7408426403999329], [0.0, 0.0, 0.0, 1.0]], [[0.6141959428787231, -0.7699931263923645, -0.17284132540225983, 0.05762751027941704], [-0.6774598360061646, -0.40213268995285034, -0.6159039735794067, 0.08661547303199768], [0.40473657846450806, 0.49537867307662964, -0.7686276435852051, -0.7401095628738403], [0.0, 0.0, 0.0, 1.0]], [[0.5591592192649841, -0.811455488204956, -0.169944167137146, 0.059464454650878906], [-0.7051293253898621, -0.3576642572879791, -0.6122654676437378, 0.08649268746376038], [0.4360432028770447, 0.46218645572662354, -0.7721723318099976, -0.7410730719566345], [0.0, 0.0, 0.0, 1.0]], [[0.4726264178752899, -0.8657354116439819, -0.16470147669315338, 0.06047471612691879], [-0.7612637281417847, -0.30692413449287415, -0.5712049603462219, 0.08844257891178131], [0.443961501121521, 0.39534780383110046, -0.8041134476661682, -0.7427412271499634], [0.0, 0.0, 0.0, 1.0]], [[0.3997291624546051, -0.9038649797439575, -0.15246224403381348, 0.059568263590335846], [-0.8419346809387207, -0.2962731719017029, -0.45096367597579956, 0.09123708307743073], [0.3624397814273834, 0.30862656235694885, -0.8794242739677429, -0.7430501580238342], [0.0, 0.0, 0.0, 1.0]], [[0.36479488015174866, -0.9280052781105042, -0.0757027268409729, 0.05866309255361557], [-0.8986712694168091, -0.3296612799167633, -0.2893327474594116, 0.09270215034484863], [0.24354606866836548, 0.17357896268367767, -0.9542304873466492, -0.7442548274993896], [0.0, 0.0, 0.0, 1.0]], [[0.37388408184051514, -0.9273490309715271, 0.015318791382014751, 0.05799515172839165], [-0.9186226725578308, -0.3725413978099823, -0.13170158863067627, 0.0930328220129013], [0.12784020602703094, 0.03516896814107895, -0.99117112159729, -0.7449602484703064], [0.0, 0.0, 0.0, 1.0]], [[0.35100364685058594, -0.9320123791694641, 0.09027306735515594, 0.05758802220225334], [-0.9352269768714905, -0.3537111282348633, -0.015453740954399109, 0.09495088458061218], [0.046333685517311096, -0.07900150120258331, -0.9957969784736633, -0.744893491268158], [0.0, 0.0, 0.0, 1.0]], [[0.2449924796819687, -0.9458627104759216, 0.21289052069187164, 0.057989805936813354], [-0.9694385528564453, -0.23605866730213165, 0.06682318449020386, 0.09782843291759491], [-0.012950927019119263, -0.22275543212890625, -0.97478848695755, -0.746207594871521], [0.0, 0.0, 0.0, 1.0]], [[0.11746785044670105, -0.9335523247718811, 0.3386465013027191, 0.05770504102110863], [-0.9920372366905212, -0.09471313655376434, 0.08301526308059692, 0.09927725791931152], [-0.04542478919029236, -0.34570157527923584, -0.9372443556785583, -0.7461042404174805], [0.0, 0.0, 0.0, 1.0]], [[0.08252546936273575, -0.8618254661560059, 0.5004462599754333, 0.05825784429907799], [-0.9816538095474243, 0.016314126551151276, 0.18997317552566528, 0.10089650750160217], [-0.171888068318367, -0.5069425106048584, -0.844667911529541, -0.7460438013076782], [0.0, 0.0, 0.0, 1.0]], [[0.11968901753425598, -0.7497398853302002, 0.6508185267448425, 0.05923539027571678], [-0.9458510875701904, 0.11311472952365875, 0.3042547404766083, 0.10316899418830872], [-0.3017290234565735, -0.6519932746887207, -0.6956036686897278, -0.7463849782943726], [0.0, 0.0, 0.0, 1.0]], [[0.18236753344535828, -0.6075844168663025, 0.7730351686477661, 0.05870526656508446], [-0.8827129602432251, 0.24513234198093414, 0.40090903639793396, 0.1042276918888092], [-0.4330819249153137, -0.755480945110321, -0.49161845445632935, -0.7460062503814697], [0.0, 0.0, 0.0, 1.0]], [[0.1094294935464859, -0.508567750453949, 0.8540399074554443, 0.05856362730264664], [-0.7842831015586853, 0.483686625957489, 0.3885194659233093, 0.1040685623884201], [-0.6106759905815125, -0.7123245000839233, -0.3459315001964569, -0.7458902597427368], [0.0, 0.0, 0.0, 1.0]], [[-0.0435006208717823, -0.46181032061576843, 0.8859112858772278, 0.059515830129384995], [-0.5999055504798889, 0.7211595773696899, 0.34647107124328613, 0.1043052226305008], [-0.798887312412262, -0.5163914561271667, -0.30841347575187683, -0.7464105486869812], [0.0, 0.0, 0.0, 1.0]], [[-0.25078505277633667, -0.4326874911785126, 0.8659610152244568, 0.06134072691202164], [-0.313091903924942, 0.8827230930328369, 0.3503904342651367, 0.10466217994689941], [-0.9160133004188538, -0.18325269222259521, -0.3568447232246399, -0.7475424408912659], [0.0, 0.0, 0.0, 1.0]], [[-0.35187196731567383, -0.4126993417739868, 0.8401579260826111, 0.061899010092020035], [-0.06533151119947433, 0.9061975479125977, 0.4177771806716919, 0.1046212762594223], [-0.9337654709815979, 0.09211528301239014, -0.34582775831222534, -0.7474785447120667], [0.0, 0.0, 0.0, 1.0]], [[-0.39011964201927185, -0.4321674704551697, 0.8130424618721008, 0.06268928945064545], [0.05007873475551605, 0.8717425465583801, 0.487398236989975, 0.10354651510715485], [-0.9194014072418213, 0.23085975646972656, -0.3184414803981781, -0.7465475797653198], [0.0, 0.0, 0.0, 1.0]