{"object_poses": [[[0.915818452835083, 0.3530632257461548, 0.1913708597421646, 0.011900552548468113], [0.3142554759979248, -0.9267458915710449, 0.20587745308876038, 0.021787837147712708], [0.2500399351119995, -0.12840700149536133, -0.9596831202507019, -0.7288349270820618], [0.0, 0.0, 0.0, 1.0]], [[0.9091559648513794, 0.36370134353637695, 0.20287129282951355, 0.010689189657568932], [0.3245036005973816, -0.9240025877952576, 0.20227879285812378, 0.02144157886505127], [0.2610226273536682, -0.11807051301002502, -0.9580848813056946, -0.7277324199676514], [0.0, 0.0, 0.0, 1.0]], [[0.9007012248039246, 0.3770279884338379, 0.21584109961986542, 0.0096155209466815], [0.3359454274177551, -0.9194735288619995, 0.20422816276550293, 0.021331489086151123], [0.2754599452018738, -0.11143770813941956, -0.954831600189209, -0.7265234589576721], [0.0, 0.0, 0.0, 1.0]], [[0.8911961913108826, 0.3936731517314911, 0.2253679782152176, 0.00872846506536007], [0.3533780574798584, -0.9140223860740662, 0.19921600818634033, 0.021109402179718018], [0.28441739082336426, -0.09790045022964478, -0.9536888599395752, -0.725117564201355], [0.0, 0.0, 0.0, 1.0]], [[0.8808515667915344, 0.4118679165840149, 0.23337829113006592, 0.0076291803270578384], [0.3768765330314636, -0.9084511399269104, 0.18077780306339264, 0.021196991205215454], [0.28646937012672424, -0.07128360867500305, -0.9554338455200195, -0.7229897379875183], [0.0, 0.0, 0.0, 1.0]], [[0.8638615012168884, 0.434615820646286, 0.25466132164001465, 0.005954774096608162], [0.41231268644332886, -0.9005012512207031, 0.13818752765655518, 0.021716326475143433], [0.2893812954425812, -0.014374792575836182, -0.9571059346199036, -0.7204093933105469], [0.0, 0.0, 0.0, 1.0]], [[0.831999659538269, 0.46603521704673767, 0.3009780943393707, 0.0037613518070429564], [0.46375229954719543, -0.8819996118545532, 0.08373048901557922, 0.022461697459220886], [0.3044838309288025, 0.0699155181646347, -0.9499481916427612, -0.7188822627067566], [0.0, 0.0, 0.0, 1.0]], [[0.7905656099319458, 0.4975973665714264, 0.35693541169166565, 0.000761683564633131], [0.5128564238548279, -0.8565042614936829, 0.05812700092792511, 0.02252359688282013], [0.3346405327320099, 0.13710343837738037, -0.9323187470436096, -0.7185764908790588], [0.0, 0.0, 0.0, 1.0]], [[0.7589564323425293, 0.5123659372329712, 0.4018285870552063, -0.0007151328027248383], [0.5456093549728394, -0.837222158908844, 0.03700673580169678, 0.021414712071418762], [0.3553808033466339, 0.19115495681762695, -0.9149668216705322, -0.7178407907485962], [0.0, 0.0, 0.0, 1.0]], [[0.7333114147186279, 0.5064943432807922, 0.45356130599975586, -0.0021690961439162493], [0.5700564980506897, -0.8215948343276978, -0.004179775714874268, 0.021443083882331848], [0.3705265522003174, 0.2616206407546997, -0.8912153244018555, -0.7162416577339172], [0.0, 0.0, 0.0, 1.0]], [[0.6937777996063232, 0.49341434240341187, 0.5246091485023499, -0.004234828054904938], [0.6022979617118835, -0.7968854904174805, -0.04701831936836243, 0.02249915897846222], [0.3948538303375244, 0.34859126806259155, -0.8500438928604126, -0.7135873436927795], [0.0, 0.0, 0.0, 1.0]], [[0.6472337245941162, 0.4691348969936371, 0.600833535194397, -0.006351642310619354], [0.6339024305343628, -0.7690101265907288, -0.08240803331136703, 0.023886799812316895], [0.4233866333961487, 0.43420708179473877, -0.7951151132583618, -0.7104803919792175], [0.0, 0.0, 0.0, 1.0]], [[0.5973580479621887, 0.43685558438301086, 0.6725478768348694, -0.008924942463636398], [0.6646624207496643, -0.7389470934867859, -0.11036886274814606, 0.02559538185596466], [0.448761910200119, 0.5129469633102417, -0.7317774295806885, -0.7073315382003784], [0.0, 0.0, 0.0, 1.0]], [[0.538383960723877, 0.3927035629749298, 0.7456049919128418, -0.011905565857887268], [0.6983199119567871, -0.7031506896018982, -0.13389718532562256, 0.02755330502986908], [0.47169071435928345, 0.59275883436203, -0.6527978181838989, -0.7039138078689575], [0.0, 0.0, 0.0, 1.0]], [[0.46217095851898193, 0.3384702503681183, 0.8196560144424438, -0.014790338464081287], [0.738630473613739, -0.6584205031394958, -0.14459450542926788, 0.029430896043777466], [0.4907374382019043, 0.6722502112388611, -0.554307222366333, -0.7008380889892578], [0.0, 0.0, 0.0, 1.0]], [[0.38846948742866516, 0.29001134634017944, 0.8746341466903687, -0.015873610973358154], [0.763799786567688, -0.6323124170303345, -0.1295800805091858, 0.030075788497924805], [0.515462338924408, 0.718383252620697, -0.4671447277069092, -0.6986250281333923], [0.0, 0.0, 0.0, 1.0]], [[0.3501489460468292, 0.24322998523712158, 0.9045634269714355, -0.01595539040863514], [0.7804598808288574, -0.6097510457038879, -0.13815225660800934, 0.0295771062374115], [0.5179557204246521, 0.7543493509292603, -0.4033348858356476, -0.6969620585441589], [0.0, 0.0, 0.0, 1.0]], [[0.3269405663013458, 0.20332065224647522, 0.9229141473770142, -0.015299085527658463], [0.7928294539451599, -0.5904998183250427, -0.15076948702335358, 0.029346898198127747], [0.5143260955810547, 0.7810062170028687, -0.35425692796707153, -0.6962576508522034], [0.0, 0.0, 0.0, 1.0]], [[0.29705482721328735, 0.16946396231651306, 0.9397023320198059, -0.015130968764424324], [0.8065834045410156, -0.5712556838989258, -0.1519547402858734, 0.030448153614997864], [0.5110594034194946, 0.8030871152877808, -0.3063810467720032, -0.6960388422012329], [0.0, 0.0, 0.0, 1.0]], [[0.25954312086105347, 0.15764157474040985, 0.9527783989906311, -0.014362558722496033], [0.8205038905143738, -0.5563185811042786, -0.13146518170833588, 0.031159639358520508], [0.5093238949775696, 0.8158791065216064, -0.2737341523170471, -0.697212278842926], [0.0, 0.0, 0.0, 1.0]], [[0.22006773948669434, 0.14313353598117828, 0.9649263024330139, -0.012671887874603271], [0.8310171365737915, -0.5455417633056641, -0.10860385000705719, 0.0315164178609848], [0.5108627676963806, 0.8257704973220825, -0.239002525806427, -0.6982118487358093], [0.0, 0.0, 0.0, 1.0]], [[0.19951656460762024, 0.11409161984920502, 0.9732297658920288, -0.01116519421339035], [0.8455256223678589, -0.5220260620117188, -0.11213958263397217, 0.03212864696979523], [0.49525710940361023, 0.8452644348144531, -0.20062021911144257, -0.6995501518249512], [0.0, 0.0, 0.0, 1.0]], [[0.17515398561954498, 0.07238844037055969, 0.9818762540817261, -0.010172257199883461], [0.8653564453125, -0.4869534373283386, -0.11846791207790375, 0.03312423825263977], [0.46955233812332153, 0.8704230785369873, -0.14793364703655243, -0.7012314796447754], [0.0, 0.0, 0.0, 1.0]], [[0.1334228217601776, 0.017758680507540703, 0.9909001588821411, -0.00939176045358181], [0.8889148235321045, -0.44423770904541016, -0.11172918975353241, 0.034160807728767395], [0.43821093440055847, 0.895733118057251, -0.07505737990140915, -0.7025288343429565], [0.0, 0.0, 0.0, 1.0]], [[0.06795497983694077, -0.024850178509950638, 0.9973788857460022, -0.008169842883944511], [0.9116187691688538, -0.4046471416950226, -0.07219381630420685, 0.0345960408449173], [0.4053804874420166, 0.9141352772712708, -0.0048438794910907745, -0.7034758925437927], [0.0, 0.0, 0.0, 1.0]], [[0.011330293491482735, -0.04993472620844841, 0.9986882209777832, -0.007204070221632719], [0.9254831075668335, -0.37764763832092285, -0.029382267966866493, 0.03511340916156769], [0.3786194324493408, 0.9246020317077637, 0.04193492233753204, -0.7043209075927734], [0.0, 0.0, 0.0, 1.0]], [[-0.027399923652410507, -0.07910200208425522, 0.9964898824691772, -0.006693623960018158], [0.9363026022911072, -0.35118770599365234, -0.0021325289271771908, 0.03595082461833954], [0.35012370347976685, 0.932957649230957, 0.08368591219186783, -0.7057948708534241], [0.0, 0.0, 0.0, 1.0]], [[-0.05982780084013939, -0.0997944250702858, 0.9932078719139099, -0.00583077734336257], [0.9434702396392822, -0.33061522245407104, 0.023612571880221367, 0.03657205402851105], [0.3260132372379303, 0.9384746551513672, 0.11393306404352188, -0.7076255083084106], [0.0, 0.0, 0.0, 1.0]], [[-0.09368879348039627, -0.08146685361862183, 0.9922628998756409, -0.004443126730620861], [0.9379439949989319, -0.34146422147750854, 0.06052513048052788, 0.03672340512275696], [0.3338913917541504, 0.9363574981689453, 0.10840272903442383, -0.7090309262275696], [0.0, 0.0, 0.0, 1.0]], [[-0.11249016970396042, -0.05659269168972969, 0.9920399188995361, -0.003512675641104579], [0.9292536377906799, -0.35956478118896484, 0.08485862612724304, 0.03705801069736481], [0.35190027952194214, 0.9314024448394775, 0.09303644299507141, -0.7105482220649719], [0.0, 0.0, 0.0, 1.0]], [[-0.11496180295944214, -0.042618460953235626, 0.992455244064331, -0.0032020877115428448], [0.9240071773529053, -0.3713679015636444, 0.09108562022447586, 0.03736001253128052], [0.36468416452407837, 0.9275071620941162, 0.082072913646698, -0.712160587310791], [0.0, 0.0, 0.0, 1.0]], [[-0.12101253867149353, -0.048043884336948395, 0.9914875626564026, -0.0025946416426450014], [0.9222139716148376, -0.3749832808971405, 0.09438726305961609, 0.037383198738098145], [0.3672565817832947, 0.9257857799530029, 0.08968444913625717, -0.713024914264679], [0.0, 0.0, 0.0, 1.0]], [[-0.12264897674322128, -0.05306985601782799, 0.9910302758216858, -0.0022202804684638977], [0.9229112863540649, -0.3733040988445282, 0.0942281186580658, 0.03750206530094147], [0.36495494842529297, 0.9261897802352905, 0.09476412832736969, -0.713725745677948], [0.0, 0.0, 0.0, 1.0]], [[-0.1302058845758438, -0.051150888204574585, 0.9901666641235352, -0.0021921079605817795], [0.9205228686332703, -0.377257764339447, 0.10155908763408661, 0.03788334131240845], [0.3683531880378723, 0.9246946573257446, 0.09620674699544907, -0.714120090007782], [0.0, 0.0, 0.0, 1.0]], [[-0.14098824560642242, -0.04914138838648796, 0.9887909293174744, -0.00248258700594306], [0.9203675985336304, -0.37448662519454956, 0.11262059956789017, 0.03826138377189636], [0.36475467681884766, 0.9259291887283325, 0.09802641719579697, -0.7140963077545166], [0.0, 0.0, 0.0, 1.0]], [[-0.13915719091892242, -0.0414062961935997, 0.9894042015075684, -0.002367430366575718], [0.9194965362548828, -0.37633317708969116, 0.11357542872428894, 0.038338422775268555], [0.36764290928840637, 0.9255586266517639, 0.09044244140386581, -0.7143115997314453], [0.0, 0.0, 0.0, 1.0]], [[-0.12866970896720886, -0.03163990378379822, 0.9911826848983765, -0.0015154429711401463], [0.9163280725479126, -0.38596972823143005, 0.1066318228840828, 0.038419097661972046], [0.37919265031814575, 0.9219686985015869, 0.07865514606237411, -0.7149559855461121], [0.0, 0.0, 0.0, 1.0]], [[-0.12492313235998154, -0.010632936842739582, 0.9921094179153442, 0.00019530253484845161], [0.9125465154647827, -0.3937101364135742, 0.11068524420261383, 0.03808082640171051], [0.38942664861679077, 0.9191731214523315, 0.058886561542749405, -0.7164770364761353], [0.0, 0.0, 0.0, 1.0]], [[-0.12565866112709045, -4.948209971189499e-05, 0.9920735359191895, 0.002614695345982909], [0.9079606533050537, -0.40297138690948486, 0.11498459428548813, 0.03730835020542145], [0.3997715711593628, 0.9152125120162964, 0.050681788474321365, -0.7174421548843384], [0.0, 0.0, 0.0, 1.0]], [[-0.1331084668636322, 0.002402625046670437, 0.9910985827445984, 0.005109622608870268], [0.9056136608123779, -0.4059929847717285, 0.12261170893907547, 0.0362371951341629], [0.4026736617088318, 0.913873016834259, 0.05186526104807854, -0.7182011008262634], [0.0, 0.0, 0.0, 1.0]], [[-0.14905290305614471, 0.010609470307826996, 0.9887723326683044, 0.007800247985869646], [0.896790087223053, -0.4198259115219116, 0.13969171047210693, 0.035430312156677246], [0.4165942668914795, 0.9075426459312439, 0.05306178331375122, -0.7183666229248047], [0.0, 0.0, 0.0, 1.0]], [[-0.15880173444747925, 0.023227224126458168, 0.987037181854248, 0.010622006841003895], [0.8839553594589233, -0.44196242094039917, 0.15261755883693695, 0.03456215560436249], [0.4397781789302826, 0.8967328071594238, 0.0496525801718235, -0.7178514003753662], [0.0, 0.0, 0.0, 1.0]], [[-0.1620892882347107, 0.035315223038196564, 0.9861438274383545, 0.013495359569787979], [0.8703584671020508, -0.4657892882823944, 0.15973858535289764, 0.03396499156951904], [0.46497642993927, 0.8841906785964966, 0.044762540608644485, -0.7172545194625854], [0.0, 0.0, 0.0, 1.0]], [[-0.17657707631587982, 0.02456492930650711, 0.9839802384376526, 0.01586608588695526], [0.8582234978675842, -0.48564592003822327, 0.16613388061523438, 0.034042567014694214], [0.48194706439971924, 0.873810350894928, 0.06467174738645554, -0.7165795564651489], [0.0, 0.0, 0.0, 1.0]], [[-0.2106115221977234, 0.016800016164779663, 0.9774253368377686, 0.01809699460864067], [0.8412184715270996, -0.5062265992164612, 0.18996326625347137, 0.03450398147106171], [0.4979901611804962, 0.8622367978096008, 0.09248468279838562, -0.7159709930419922], [0.0, 0.0, 0.0, 1.0]], [[-0.2578570544719696, 0.026400834321975708, 0.9658223986625671, 0.0200754776597023], [0.8250027894973755, -0.5142620205879211, 0.23431818187236786, 0.034801557660102844], [0.5028718709945679, 0.8572267293930054, 0.1108253076672554, -0.7148521542549133], [0.0, 0.0, 0.0, 1.0]], [[-0.30327141284942627, 0.05822106450796127, 0.9511239528656006, 0.0222358126193285], [0.8085415959358215, -0.5124805569648743, 0.2891785800457001, 0.03568999469280243], [0.5042687058448792, 0.8567228317260742, 0.10834653675556183, -0.7140990495681763], [0.0, 0.0, 0.0, 1.0]], [[-0.3163963854312897, 0.08706724643707275, 0.9446231126785278, 0.024968476966023445], [0.805574357509613, -0.5011816024780273, 0.31601738929748535, 0.036205366253852844], [0.5009424090385437, 0.8609508275985718, 0.0884329229593277, -0.7135739922523499], [0.0, 0.0, 0.0, 1.0]], [[-0.31203076243400574, 0.09977984428405762, 0.9448179006576538, 0.02801474556326866], [0.8046151399612427, -0.5010595321655273, 0.3186437785625458, 0.03617352247238159], [0.5052043199539185, 0.8596413731575012, 0.07606160640716553, -0.713391125202179], [0.0, 0.0, 0.0, 1.0]], [[-0.29882895946502686, 0.13469643890857697, 0.9447530508041382, 0.031045764684677124], [0.8092486262321472, -0.48892903327941895, 0.3256765902042389, 0.036391884088516235], [0.5057846307754517, 0.861861526966095, 0.037103280425071716, -0.7131173014640808], [0.0, 0.0, 0.0, 1.0]], [[-0.27651262283325195, 0.19266249239444733, 0.9414998888969421, 0.033910833299160004], [0.8139182329177856, -0.4739437401294708, 0.3360275626182556, 0.037470459938049316], [0.5109578371047974, 0.8592197299003601, -0.025760091841220856, -0.713361382484436], [0.0, 0.0, 0.0, 1.0]], [[-0.2510702610015869, 0.24186190962791443, 0.9372655153274536, 0.03780242055654526], [0.8178117275238037, -0.46499454975128174, 0.3390636444091797, 0.03844049572944641], [0.5178298950195312, 0.8516353964805603, -0.08105120062828064, -0.7136604189872742], [0.0, 0.0, 0.0, 1.0]], [[-0.2220255434513092, 0.27955254912376404, 0.9341065287590027, 0.04157472774386406], [0.8227187395095825, -0.46044763922691345, 0.33334943652153015, 0.039243459701538086], [0.5232958793640137, 0.8425190448760986, -0.12776198983192444, -0.7136753797531128], [0.0, 0.0, 0.0, 1.0]], [[-0.18901324272155762, 0.3262324035167694, 0.9261999726295471, 0.04528738930821419], [0.8322324752807617, -0.4474145770072937, 0.32742828130722046, 0.04014065861701965], [0.5212130546569824, 0.8327019810676575, -0.18693388998508453, -0.7135486602783203], [0.0, 0.0, 0.0, 1.0]], [[-0.1580262929201126, 0.3750748336315155, 0.913425624370575, 0.049559783190488815], [0.8447779417037964, -0.427596777677536, 0.3217315673828125, 0.041524797677993774], [0.5112512707710266, 0.8224839568138123, -0.24928340315818787, -0.7139572501182556], [0.0, 0.0, 0.0, 1.0]], [[-0.13458411395549774, 0.39332878589630127, 0.909494161605835, 0.053077582269907], [0.8552064895629883, -0.4175008237361908, 0.3071073293685913, 0.04275798797607422], [0.5005086660385132, 0.8191371560096741, -0.2801883816719055, -0.7149747014045715], [0.0, 0.0, 0.0, 1.0]], [[-0.12275773286819458, 0.37925902009010315, 0.9171112775802612, 0.055965323001146317], [0.8582977652549744, -0.423373281955719, 0.2899656891822815, 0.0432572215795517], [0.4982524514198303, 0.8227500319480896, -0.2735447883605957, -0.7162933349609375], [0.0, 0.0, 0.0, 1.0]], [[-0.12999168038368225, 0.33671292662620544, 0.9325911998748779, 0.05737524852156639], [0.8513200879096985, -0.44426941871643066, 0.27906733751296997, 0.04293408989906311], [0.5082874298095703, 0.8302102088928223, -0.22889915108680725, -0.7176679968833923], [0.0, 0.0, 0.0, 1.0]], [[-0.14488744735717773, 0.2800111472606659, 0.9490002393722534, 0.05775463581085205], [0.8378815650939941, -0.4754195809364319, 0.2681994140148163, 0.042017802596092224], [0.5262719988822937, 0.8340083360671997, -0.16573385894298553, -0.7191964387893677], [0.0, 0.0, 0.0, 1.0]], [[-0.16335326433181763, 0.2235104888677597, 0.9609156847000122, 0.05808386579155922], [0.8248814344406128, -0.5033518671989441, 0.2573082447052002, 0.04106402397155762], [0.5411897897720337, 0.8346735239028931, -0.10214546322822571, -0.7201418876647949], [0.0, 0.0, 0.0, 1.0]], [[-0.18200233578681946, 0.1776554435491562, 0.9671162366867065, 0.05807025358080864], [0.8119183778762817, -0.5276610851287842, 0.24972480535507202, 0.04024636745452881], [0.554674506187439, 0.8306698799133301, -0.04820616543292999, -0.720897376537323], [0.0, 0.0, 0.0, 1.0]], [[-0.1980501413345337, 0.146113783121109, 0.9692403674125671, 0.05746384710073471], [0.8016389608383179, -0.5448732376098633, 0.2459433227777481, 0.039541855454444885], [0.5640488862991333, 0.825689971446991, -0.009218290448188782, -0.7212483286857605], [0.0, 0.0, 0.0, 1.0]], [[-0.2153211534023285, 0.1151096299290657, 0.969735324382782, 0.05639373138546944], [0.793447732925415, -0.5582661032676697, 0.24244540929794312, 0.038604944944381714], [0.5692781209945679, 0.8216378092765808, 0.028873015195131302, -0.7210273742675781], [0.0, 0.0, 0.0, 1.0]], [[-0.2336169183254242, 0.07997730374336243, 0.9690340161323547, 0.05482989177107811], [0.785914421081543, -0.5712706446647644, 0.236618772149086, 0.03721331059932709], [0.5725047588348389, 0.8168559074401855, 0.07060317695140839, -0.7202202081680298], [0.0, 0.0, 0.0, 1.0]], [[-0.2472982108592987, 0.0461164191365242, 0.9678414463996887, 0.05309739708900452], [0.7762590646743774, -0.5883653163909912, 0.226380854845047, 0.03580011427402496], [0.5798840522766113, 0.8072792291641235, 0.10970336943864822, -0.7191277742385864], [0.0, 0.0, 0.0, 1.0]], [[-0.2560325562953949, 0.018300434574484825, 0.9664949774742126, 0.05119510740041733], [0.767229437828064, -0.6043737530708313, 0.21468918025493622, 0.034589871764183044], [0.5880531072616577, 0.7964907288551331, 0.14069874584674835, -0.7178251147270203], [0.0, 0.0, 0.0, 1.0]], [[-0.2681117355823517, -0.0030671488493680954, 0.9633830189704895, 0.04903566092252731], [0.7574230432510376, -0.6186302900314331, 0.2088230848312378, 0.033158257603645325], [0.5953372716903687, 0.7856764197349548, 0.16818517446517944, -0.7170252203941345], [0.0, 0.0, 0.0, 1.0]], [[-0.29047471284866333, -0.017831239849328995, 0.9567164778709412, 0.046634554862976074], [0.7477169632911682, -0.6281403303146362, 0.21531182527542114, 0.030935093760490417], [0.597112774848938, 0.7778958082199097, 0.1957916021347046, -0.7155725359916687], [0.0, 0.0, 0.0, 1.0]], [[-0.316408634185791, -0.04612524062395096, 0.9475009441375732, 0.044186122715473175], [0.7412000894546509, -0.6353842616081238, 0.21658539772033691, 0.028833284974098206], [0.5920371413230896, 0.7708173394203186, 0.23522906005382538, -0.714248538017273], [0.0, 0.0, 0.0, 1.0]], [[-0.3434041738510132, -0.09894189238548279, 0.9339615106582642, 0.041916340589523315], [0.7408828735351562, -0.6396980881690979, 0.20464366674423218, 0.028048157691955566], [0.5772055983543396, 0.7622315287590027, 0.29297927021980286, -0.7145401835441589], [0.0, 0.0, 0.0, 1.0]], [[-0.3623890280723572, -0.1360613852739334, 0.9220421314239502, 0.04076099023222923], [0.7356555461883545, -0.6491775512695312, 0.19333773851394653, 0.026582717895507812], [0.5722631216049194, 0.7483688592910767, 0.3353491425514221, -0.7144793272018433], [0.0, 0.0, 0.0, 1.0]], [[-0.38522475957870483, -0.15825216472148895, 0.9091525077819824, 0.03988442197442055], [0.7249897718429565, -0.6614406704902649, 0.1920575499534607, 0.025204524397850037], [0.5709568858146667, 0.7331115007400513, 0.36953455209732056, -0.7142048478126526], [0.0, 0.0, 0.0, 1.0]], [[-0.4089539349079132, -0.1795099824666977, 0.8947249054908752, 0.037974387407302856], [0.7146139144897461, -0.6727520227432251, 0.1916549950838089, 0.023815453052520752], [0.5675239562988281, 0.7177610397338867, 0.40340492129325867, -0.7151005864143372], [0.0, 0.0, 0.0, 1.0]], [[-0.4259795546531677, -0.19594407081604004, 0.8832595348358154, 0.03675805777311325], [0.7144993543624878, -0.6717468500137329, 0.1955679953098297, 0.023268401622772217], [0.5550063848495483, 0.7143963575363159, 0.4261523187160492, -0.7156445980072021], [0.0, 0.0, 0.0, 1.0]], [[-0.44374150037765503, -0.1953938752412796, 0.8745940923690796, 0.037109214812517166], [0.7153633832931519, -0.6650564074516296, 0.2143719494342804, 0.02328614890575409], [0.5397674441337585, 0.720778226852417, 0.4348907172679901, -0.7161085605621338], [0.0, 0.0, 0.0, 1.0]], [[-0.4488517940044403, -0.20584836602210999, 0.8695738315582275, 0.03735721483826637], [0.7195582389831543, -0.6602736711502075, 0.21511545777320862, 0.023076876997947693], [0.5298755168914795, 0.7222639322280884, 0.4444848895072937, -0.7155303359031677], [0.0, 0.0, 0.0, 1.0]], [[-0.45213982462882996, -0.2320994883775711, 0.8612197637557983, 0.037852942943573], [0.7220989465713501, -0.6620426774024963, 0.20068050920963287, 0.022333383560180664], [0.5235863327980042, 0.7126215696334839, 0.4669346809387207, -0.7149637937545776], [0.0, 0.0, 0.0, 1.0]], [[-0.4620492160320282, -0.24394533038139343, 0.8526436686515808, 0.03710555285215378], [0.7256251573562622, -0.6567432880401611, 0.2053203284740448, 0.022002235054969788], [0.5098810791969299, 0.7135677337646484, 0.48046061396598816, -0.7145817875862122], [0.0, 0.0, 0.0, 1.0]], [[-0.4767684042453766, -0.25381672382354736, 0.8415871262550354, 0.03680982068181038], [0.7289720773696899, -0.6491771936416626, 0.217183455824852, 0.021858930587768555], [0.491214394569397, 0.7170397639274597, 0.4945324659347534, -0.7145450115203857], [0.0, 0.0, 0.0, 1.0]], [[-0.49232855439186096, -0.2679869532585144, 0.8281278014183044, 0.03686602786183357], [0.737282395362854, -0.6340875029563904, 0.2331259399652481, 0.02158968150615692], [0.4626306891441345, 0.7253386974334717, 0.5097615122795105, -0.7137492299079895], [0.0, 0.0, 0.0, 1.0]], [[-0.5170621275901794, -0.28193536400794983, 0.8081826567649841, 0.036342278122901917], [0.742935836315155, -0.6167312860488892, 0.2601708769798279, 0.02195623517036438], [0.42508023977279663, 0.7349523305892944, 0.5283483266830444, -0.712723433971405], [0.0, 0.0, 0.0, 1.0]], [[-0.5584586262702942, -0.3007833659648895, 0.7730804681777954, 0.03575851768255234], [0.7407974600791931, -0.6002063155174255, 0.30161499977111816, 0.023469850420951843], [0.3732869625091553, 0.7411354780197144, 0.5580099821090698, -0.7109329700469971], [0.0, 0.0, 0.0, 1.0]], [[-0.6116666793823242, -0.3371358811855316, 0.7156838774681091, 0.03542828932404518], [0.7353395223617554, -0.5759483575820923, 0.35715463757514954, 0.02496679127216339], [0.2917872667312622, 0.7447301149368286, 0.6001977324485779, -0.7078872919082642], [0.0, 0.0, 0.0, 1.0]], [[-0.6535576581954956, -0.3718349039554596, 0.6592430472373962, 0.03399401530623436], [0.7286350131034851, -0.544806957244873, 0.4150621294975281, 0.02677854895591736], [0.20482559502124786, 0.7516144514083862, 0.6269947290420532, -0.7058342695236206], [0.0, 0.0, 0.0, 1.0]], [[-0.6928932666778564, -0.39260751008987427, 0.6047795414924622, 0.03321416303515434], [0.7067094445228577, -0.5361770391464233, 0.4616015553474426, 0.02854675054550171], [0.14304062724113464, 0.7472440004348755, 0.6489729285240173, -0.7052570581436157], [0.0, 0.0, 0.0, 1.0]], [[-0.7200961112976074, -0.4155753552913666, 0.5556605458259583, 0.032952770590782166], [0.6885352730751038, -0.5271128416061401, 0.4980674386024475, 0.03021201491355896], [0.08591125905513763, 0.7412483096122742, 0.6657101511955261, -0.7038381695747375], [0.0, 0.0, 0.0, 1.0]], [[-0.7363786697387695, -0.4448767304420471, 0.5097365379333496, 0.0319819375872612], [0.6763923168182373, -0.5013282299041748, 0.5395958423614502, 0.03165219724178314], [0.015491679310798645, 0.7421286702156067, 0.6700785160064697, -0.7025761008262634], [0.0, 0.0, 0.0, 1.0]], [[-0.7517650127410889, -0.4749922454357147, 0.4574187695980072, 0.031129956245422363], [0.6571464538574219, -0.4819318652153015, 0.5795691013336182, 0.03323759138584137], [-0.05484612286090851, 0.736290693283081, 0.6744389533996582, -0.7018205523490906], [0.0, 0.0, 0.0, 1.0]], [[-0.769370973110199, -0.5116530060768127, 0.3824652135372162, 0.0303892120718956], [0.6220031380653381, -0.4636232852935791, 0.631003737449646, 0.035563141107559204], [-0.1455351561307907, 0.7233704328536987, 0.6749480366706848, -0.6997161507606506], [0.0, 0.0, 0.0, 1.0]], [[-0.7705880403518677, -0.5599092841148376, 0.30445972084999084, 0.028863728046417236], [0.5848628878593445, -0.4314285218715668, 0.6868805885314941, 0.037511810660362244], [-0.2532382011413574, 0.7073690295219421, 0.6599239110946655, -0.6972546577453613], [0.0, 0.0, 0.0, 1.0]], [[-0.7588023543357849, -0.6091365218162537, 0.23059001564979553, 0.027771800756454468], [0.5434240102767944, -0.39693498611450195, 0.7396844625473022, 0.038718774914741516], [-0.3590395152568817, 0.6865823864936829, 0.6322146654129028, -0.6951770782470703], [0.0, 0.0, 0.0, 1.0]], [[-0.7449085116386414, -0.644528329372406, 0.17232106626033783, 0.027081720530986786], [0.5026076436042786, -0.3722761869430542, 0.7802538871765137, 0.039333418011665344], [-0.4387446343898773, 0.6678276658058167, 0.6012565493583679, -0.6945179104804993], [0.0, 0.0, 0.0, 1.0]], [[-0.7276712656021118, -0.6753464341163635, 0.12000754475593567, 0.02602299675345421], [0.4604285955429077, -0.35123270750045776, 0.8152554035186768, 0.04003839194774628], [-0.5084292888641357, 0.6484925746917725, 0.5665308237075806, -0.6948078870773315], [0.0, 0.0, 0.0, 1.0]], [[-0.7076608538627625, -0.7033519148826599, 0.0671723410487175, 0.02473762258887291], [0.41333669424057007, -0.3350050449371338, 0.8467139005661011, 0.04081477224826813], [-0.5730348229408264, 0.6269510984420776, 0.5277911424636841, -0.6958680152893066], [0.0, 0.0, 0.0, 1.0]], [[-0.6838479042053223, -0.7295303344726562, 0.011729329824447632, 0.02365490235388279], [0.36107337474823, -0.3244064450263977, 0.8742920160293579, 0.04172784090042114], [-0.6340174674987793, 0.6021178364753723, 0.48525863885879517, -0.6970400810241699], [0.0, 0.0, 0.0, 1.0]], [[-0.6664773225784302, -0.7441524267196655, -0.045222990214824677, 0.023022906854748726], [0.3089221715927124, -0.33086520433425903, 0.8916810750961304, 0.043218985199928284], [-0.6785094141960144, 0.5803149342536926, 0.45039933919906616, -0.6985534429550171], [0.0, 0.0, 0.0, 1.0]], [[-0.6646043062210083, -0.7393905520439148, -0.10771623253822327, 0.02319602109491825], [0.24684467911720276, -0.3533329367637634, 0.9023434519767761, 0.044883280992507935], [-0.7052438259124756, 0.5731120705604553, 0.4173412322998047, -0.7012791633605957], [0.0, 0.0, 0.0, 1.0]], [[-0.6652656197547913, -0.7313569188117981, -0.15012912452220917, 0.023914465680718422], [0.19590723514556885, -0.3650340437889099, 0.9101487398147583, 0.04585586488246918], [-0.7204457521438599, 0.5760791897773743, 0.3861227035522461, -0.7046300172805786], [0.0, 0.0, 0.0, 1.0]], [[-0.6710094809532166, -0.7245181202888489, -0.157542884349823, 0.02457883395254612], [0.1782771348953247, -0.3639025390148163, 0.9142166972160339, 0.04573191702365875], [-0.7196968197822571, 0.5853617191314697, 0.37334710359573364, -0.7081834077835083], [0.0, 0.0, 0.0, 1.0]], [[-0.6875126361846924, -0.7093668580055237, -0.15532290935516357, 0.02568380907177925], [0.1810498684644699, -0.3745822608470917, 0.9093455076217651, 0.04499945044517517], [-0.7032406330108643, 0.597065269947052, 0.38596081733703613, -0.7114466428756714], [0.0, 0.0, 0.0, 1.0]], [[-0.7229254841804504, -0.6698741912841797, -0.16925525665283203, 0.02829042077064514], [0.17797675728797913, -0.41724759340286255, 0.8911951184272766, 0.044711485505104065], [-0.6676099300384521, 0.6141440868377686, 0.42086097598075867, -0.7142513990402222], [0.0, 0.0, 0.0, 1.0]], [[-0.763339638710022, -0.615947425365448, -0.19473442435264587, 0.03054659627377987], [0.1540873497724533, -0.46635353565216064, 0.871074914932251, 0.04529194533824921], [-0.6273514032363892, 0.6349198818206787, 0.45089584589004517, -0.7175681591033936], [0.0, 0.0, 0.0, 1.0]], [[-0.7927814722061157, -0.5746755003929138, -0.20309017598628998, 0.03209598362445831], [0.14048641920089722, -0.4965205490589142, 0.8565809726715088, 0.04504072666168213], [-0.5930945873260498, 0.6505500674247742, 0.47436636686325073, -0.7210094332695007], [0.0, 0.0, 0.0, 1.0]], [[-0.8233306407928467, -0.5312744975090027, -0.19968515634536743, 0.03419358283281326], [0.1352786421775818, -0.5253838300704956, 0.8400425910949707, 0.0442686527967453], [-0.5512046217918396, 0.6646195650100708, 0.5044347643852234, -0.7246900796890259], [0.0, 0.0, 0.0, 1.0]], [[-0.8467073440551758, -0.48942849040031433, -0.20867785811424255, 0.03650933876633644], [0.1260553002357483, -0.565570592880249, 0.8150092363357544, 0.04343831539154053], [-0.5169107913970947, 0.6637693047523499, 0.5405678153038025, -0.7277002930641174], [0.0, 0.0, 0.0, 1.0]], [[-0.8589560389518738, -0.4624754786491394, -0.21979746222496033, 0.03811604902148247], [0.11621737480163574, -0.5941272974014282, 0.7959311008453369, 0.04297390580177307], [-0.4986863136291504, 0.658125638961792, 0.5640769004821777, -0.7293091416358948], [0.0, 0.0, 0.0, 1.0]], [[-0.87017422914505, -0.44577479362487793, -0.20995625853538513, 0.03903749957680702], [0.11594787985086441, -0.5993741154670715, 0.7920271158218384, 0.042181432247161865], [-0.47890806198120117, 0.6648575663566589, 0.5732465386390686, -0.7316251397132874], [0.0, 0.0, 0.0, 1.0]], [[-0.8839945793151855, -0.4268542230129242, -0.19065438210964203, 0.040059421211481094], [0.12293772399425507, -0.6057199239730835, 0.7861232757568359, 0.04169107973575592], [-0.4510432481765747, 0.6714900732040405, 0.5879296064376831, -0.7338874936103821], [0.0, 0.0, 0.0, 1.0]], [[-0.9001122713088989, -0.40296226739883423, -0.16558751463890076, 0.04083129018545151], [0.12680020928382874, -0.605951189994812, 0.785331130027771, 0.04274804890155792], [-0.4167967438697815, 0.685889720916748, 0.5965198278427124, -0.7359073162078857], [0.0, 0.0, 0.0, 1.0]], [[-0.918800413608551, -0.36729320883750916, -0.14457373321056366, 0.04184296354651451], [0.12065382301807404, -0.6100677847862244, 0.7831092476844788, 0.043481290340423584], [-0.3758305013179779, 0.7020776271820068, 0.6048458218574524, -0.7381394505500793], [0.0, 0.0, 0.0, 1.0]], [[-0.931379497051239, -0.3385915756225586, -0.1337464600801468, 0.043400079011917114], [0.11275501549243927, -0.6176169514656067, 0.7783544659614563, 0.043927013874053955], [-0.3461483418941498, 0.7098627090454102, 0.6134136915206909, -0.7391498684883118], [0.0, 0.0, 0.0, 1.0]], [[-0.9415589570999146, -0.3127964735031128, -0.12500014901161194, 0.046474963426589966], [0.10222473740577698, -0.6189234852790833, 0.7787706851959229, 0.04449757933616638], [-0.3209623098373413, 0.7204805612564087, 0.6147284507751465, -0.739858865737915], [0.0, 0.0, 0.0, 1.0]], [[-0.947376012802124, -0.29221582412719727, -0.13072329759597778, 0.04926225543022156], [0.08366039395332336, -0.6201642751693726, 0.7799981832504272, 0.04481594264507294], [-0.3089977502822876, 0.7280153036117554, 0.6119756698608398, -0.7412618398666382], [0.0, 0.0, 0.0, 1.0]], [[-0.9468247294425964, -0.28221002221107483, -0.15453243255615234, 0.05188571661710739], [0.05913462117314339, -0.6247393488883972, 0.778590977191925, 0.04502910375595093], [-0.3162686824798584, 0.7280510663986206, 0.6082070469856262, -0.742263913154602], [0.0, 0.0, 0.0, 1.0]], [[-0.9454718828201294, -0.2741136848926544, -0.17591078579425812, 0.05505608394742012], [0.040586430579423904, -0.635039746761322, 0.7714125514030457, 0.04507175087928772], [-0.32316508889198303, 0.7222092747688293, 0.611537516117096, -0.7430771589279175], [0.0, 0.0, 0.0, 1.0]], [[-0.943248987197876, -0.27354517579078674, -0.18829365074634552, 0.05755391716957092], [0.03834964334964752, -0.6529335975646973, 0.7564436197280884, 0.043898746371269226], [-0.3298647403717041, 0.7062937021255493, 0.626369297504425, -0.7433818578720093], [0.0, 0.0, 0.0, 1.0]], [[-0.9444248080253601, -0.2694644331932068, -0.18828365206718445, 0.05905293673276901], [0.041027866303920746, -0.6649083495140076, 0.7457973957061768, 0.04256384074687958], [-0.32615724205970764, 0.6966246366500854, 0.6390115022659302, -0.7439945340156555], [0.0, 0.0, 0.0, 1.0]], [[-0.946273922920227, -0.2701149880886078, -0.17777395248413086, 0.06042752042412758], [0.05352262035012245, -0.6730095744132996, 0.7376946806907654, 0.04024973511695862], [-0.31890594959259033, 0.6885462999343872, 0.6513086557388306, -0.7437347173690796], [0.0, 0.0, 0.0, 1.0]], [[-0.951071560382843, -0.2591444253921509, -0.1682472676038742, 0.061737917363643646], [0.053347162902355194, -0.6740936040878296, 0.7367169857025146, 0.03869599103927612], [-0.3043305277824402, 0.691694974899292, 0.6549358367919922, -0.7446781396865845], [0.0, 0.0, 0.0, 1.0]], [[-0.9539024233818054, -0.2523108422756195, -0.16250987350940704, 0.06301728636026382], [0.055832184851169586, -0.6812269687652588, 0.7299401760101318, 0.03760777413845062], [-0.29487794637680054, 0.6872183680534363, 0.6639111638069153, -0.7451056241989136], [0.0, 0.0, 0.0, 1.0]], [[-0.9512119889259338, -0.2620882987976074, -0.16280445456504822, 0.06481651961803436], [0.0751013308763504, -0.7084722518920898, 0.7017313241958618, 0.03662236034870148], [-0.2992580235004425, 0.6552684903144836, 0.6935905814170837, -0.7437264323234558], [0.0, 0.0, 0.0, 1.0]], [[-0.9423454999923706, -0.2766149044036865, -0.18833234906196594, 0.06544744968414307], [0.08552343398332596, -0.7431716322898865, 0.6636126041412354, 0.03519389033317566], [-0.32352834939956665, 0.6092455983161926, 0.723981499671936, -0.7417694926261902], [0.0, 0.0, 0.0, 1.0]], [[-0.9223133325576782, -0.30369412899017334, -0.23897314071655273, 0.06532128155231476], [0.09469141066074371, -0.7771443724632263, 0.622157871723175, 0.034118205308914185], [-0.3746621906757355, 0.5511957406997681, 0.7455278038978577, -0.7400022745132446], [0.0, 0.0, 0.0, 1.0]], [[-0.8945865035057068, -0.3355925977230072, -0.2951144576072693, 0.06504501402378082], [0.10945230722427368, -0.8047861456871033, 0.5833861827850342, 0.03326095640659332], [-0.43328413367271423, 0.48958849906921387, 0.7566822171211243, -0.7387576699256897], [0.0, 0.0, 0.0, 1.0]], [[-0.8614835143089294, -0.36029791831970215, -0.357815146446228, 0.06422870606184006], [0.1185074895620346, -0.8278562426567078, 0.5482792854309082, 0.031965628266334534], [-0.49376338720321655, 0.4299297332763672, 0.7558823823928833, -0.7377693057060242], [0.0, 0.0, 0.0, 1.0]], [[-0.8368836641311646, -0.36791467666625977, -0.405295729637146, 0.06254976987838745], [0.12474152445793152, -0.8491317629814148, 0.5132397413253784, 0.029728487133979797], [-0.5329778790473938, 0.3789646625518799, 0.7565187215805054, -0.7366147637367249], [0.0, 0.0, 0.0, 1.0]], [[-0.8277435898780823, -0.3653712272644043, -0.4258456528186798, 0.0615784116089344], [0.13773849606513977, -0.8680278658866882, 0.477027952671051, 0.02716967463493347], [-0.5439382195472717, 0.33620142936706543, 0.7688301801681519, -0.7358936667442322], [0.0, 0.0, 0.0, 1.0]], [[-0.8243138790130615, -0.3798351287841797, -0.4197998344898224, 0.061378948390483856], [0.1812085509300232, -0.8795331120491028, 0.439983069896698, 0.024928614497184753], [-0.5363488793373108, 0.2866128087043762, 0.7938407063484192, -0.7361070513725281], [0.0, 0.0, 0.0, 1.0]], [[-0.8202575445175171, -0.39577460289001465, -0.41296496987342834, 0.062163304537534714], [0.22078511118888855, -0.8850931525230408, 0.4097122848033905, 0.02312733232975006], [-0.5276661515235901, 0.24489308893680573, 0.8133854269981384, -0.7364766597747803], [0.0, 0.0, 0.0, 1.0]], [[-0.8156397938728333, -0.40910804271698, -0.4090995192527771, 0.06310084462165833], [0.24746936559677124, -0.8858460187911987, 0.39247387647628784, 0.02165353298187256], [-0.5229633450508118, 0.21887770295143127, 0.8237729668617249, -0.7370703816413879], [0.0, 0.0, 0.0, 1.0]], [[-0.8006618022918701, -0.4339330792427063, -0.4130893647670746, 0.06266453117132187], [0.28944242000579834, -0.8838573694229126, 0.36744967103004456, 0.020326584577560425], [-0.5245605707168579, 0.1746373474597931, 0.833269476890564, -0.73829585313797], [0.0, 0.0, 0.0, 1.0]], [[-0.7751671075820923, -0.46059539914131165, -0.43239787220954895, 0.06101895123720169], [0.34136950969696045, -0.881293535232544, 0.3267853558063507, 0.01822030544281006], [-0.531585156917572, 0.10570584982633591, 0.840382993221283, -0.7386625409126282], [0.0, 0.0, 0.0, 1.0]], [[-0.7481523752212524, -0.47915107011795044, -0.45900142192840576, 0.05865974724292755], [0.3812269866466522, -0.8765914440155029, 0.2936893701553345, 0.015783771872520447], [-0.5430783033370972, 0.044740691781044006, 0.8384892344474792, -0.7386312484741211], [0.0, 0.0, 0.0, 1.0]], [[-0.7110372185707092, -0.4905112683773041, -0.5038103461265564, 0.05593898519873619], [0.4164417088031769, -0.8710852265357971, 0.26035913825035095, 0.01441068947315216], [-0.5665708780288696, -0.024682581424713135, 0.8236433863639832, -0.7396764159202576], [0.0, 0.0, 0.0, 1.0]], [[-0.674885630607605, -0.49779823422431946, -0.5447261333465576, 0.05222002789378166], [0.44869524240493774, -0.8628762364387512, 0.23263123631477356, 0.013284176588058472], [-0.5858345627784729, -0.08741651475429535, 0.8057023882865906, -0.740321695804596], [0.0, 0.0, 0.0, 1.0]], [[-0.6493880748748779, -0.496653288602829, -0.575873851776123, 0.049298644065856934], [0.4773629903793335, -0.855713963508606, 0.19969534873962402, 0.011589258909225464], [-0.5919625759124756, -0.1452210694551468, 0.7927743196487427, -0.740587592124939], [0.0, 0.0, 0.0, 1.0]], [[-0.6288121938705444, -0.49609339237213135, -0.5987375974655151, 0.0465322770178318], [0.5135841369628906, -0.8431383371353149, 0.15921398997306824, 0.010202676057815552], [-0.5838035941123962, -0.20738640427589417, 0.7849614024162292, -0.7406764626502991], [0.0, 0.0, 0.0, 1.0]], [[-0.6141418218612671, -0.49523162841796875, -0.6144717931747437, 0.04476005956530571], [0.5471060276031494, -0.8283069133758545, 0.12075915932655334, 0.009222432971000671], [-0.5687749981880188, -0.26201796531677246, 0.7796421051025391, -0.741095781326294], [0.0, 0.0, 0.0, 1.0]], [[-0.6009924411773682, -0.5012200474739075, -0.6225646138191223, 0.04312089458107948], [0.586885929107666, -0.805510938167572, 0.08195815980434418, 0.008074834942817688], [-0.5425616502761841, -0.31611812114715576, 0.7782648801803589, -0.7412856221199036], [0.0, 0.0, 0.0, 1.0]], [[-0.5923947691917419, -0.50255286693573, -0.6296896934509277, 0.04095032811164856], [0.622380256652832, -0.7817720174789429, 0.03841100633144379, 0.007716089487075806], [-0.511577308177948, -0.36915186047554016, 0.7758966684341431, -0.7421611547470093], [0.0, 0.0, 0.0, 1.0]], [[-0.5864272117614746, -0.5071520209312439, -0.631585419178009, 0.03869682550430298], [0.659274160861969, -0.7518556714057922, -0.008409306406974792, 0.007689386606216431], [-0.47059622406959534, -0.4213193356990814, 0.7752608060836792, -0.7440546751022339], [0.0, 0.0, 0.0, 1.0]], [[-0.5831387639045715, -0.5149924159049988, -0.6282770037651062, 0.03737824037671089], [0.6870782971382141, -0.7252983450889587, -0.043195515871047974, 0.008226156234741211], [-0.4334429204463959, -0.45686447620391846, 0.776789665222168, -0.745660126209259], [0.0, 0.0, 0.0, 1.0]], [[-0.5870853066444397, -0.5045352578163147, -0.6330679059028625, 0.03634846210479736], [0.684424638748169, -0.7269811034202576, -0.055330559611320496, 0.009338915348052979], [-0.43231216073036194, -0.46577101945877075, 0.7721162438392639, -0.7