{"object_poses": [[[0.9999678134918213, 0.007279286161065102, 0.0033667448442429304, -0.014535311609506607], [0.007295843213796616, -0.999961256980896, -0.004931151866912842, 0.02124607563018799], [0.003330693580210209, 0.004955559968948364, -0.9999821782112122, -0.7379822731018066], [0.0, 0.0, 0.0, 1.0]], [[0.9999505877494812, 0.0038956813514232635, -0.009142512455582619, -0.011710992082953453], [0.0038820523768663406, -0.9999914169311523, -0.001507684588432312, 0.0200912207365036], [-0.009148326702415943, 0.0014721155166625977, -0.9999570846557617, -0.7374835014343262], [0.0, 0.0, 0.0, 1.0]], [[0.9995620250701904, 0.0037578772753477097, -0.02935488522052765, -0.008910534903407097], [0.003924183547496796, -0.9999765753746033, 0.0056098103523254395, 0.018684297800064087], [-0.02933311089873314, -0.005722522735595703, -0.9995533227920532, -0.7381490468978882], [0.0, 0.0, 0.0, 1.0]], [[0.9988908171653748, -0.0016651581972837448, -0.0470578670501709, -0.005699513480067253], [-0.0011788271367549896, -0.9999456405639648, 0.01036064326763153, 0.017019718885421753], [-0.04707253351807594, -0.010293692350387573, -0.998838484287262, -0.7390286326408386], [0.0, 0.0, 0.0, 1.0]], [[0.9957991242408752, 0.011391377076506615, -0.09085340797901154, -0.004389412235468626], [0.013285521417856216, -0.9997062683105469, 0.020270884037017822, 0.016816630959510803], [-0.0905958041548729, -0.02139274775981903, -0.9956579208374023, -0.7406032085418701], [0.0, 0.0, 0.0, 1.0]], [[0.9904296398162842, 0.018688779324293137, -0.13674770295619965, -0.0045875245705246925], [0.02159818261861801, -0.9995701909065247, 0.019822731614112854, 0.016989007592201233], [-0.13631846010684967, -0.022586524486541748, -0.9904075264930725, -0.7416383028030396], [0.0, 0.0, 0.0, 1.0]], [[0.986949622631073, 0.006433673202991486, -0.1609010100364685, -0.005067508202046156], [0.008740764111280441, -0.9998688101768494, 0.013634875416755676, 0.01709948480129242], [-0.16079217195510864, -0.014863327145576477, -0.9868764877319336, -0.7428000569343567], [0.0, 0.0, 0.0, 1.0]], [[0.9864853024482727, -0.016184579581022263, -0.1630488932132721, -0.004067965317517519], [-0.013687115162611008, -0.9997713565826416, 0.0164291113615036, 0.01602211594581604], [-0.16327747702598572, -0.013975381851196289, -0.986481249332428, -0.7436487078666687], [0.0, 0.0, 0.0, 1.0]], [[0.9852002859115601, -0.035082124173641205, -0.16777877509593964, -0.003100308123975992], [-0.03093840554356575, -0.9991497993469238, 0.027248769998550415, 0.015143752098083496], [-0.16859206557273865, -0.021654710173606873, -0.9854480624198914, -0.7438124418258667], [0.0, 0.0, 0.0, 1.0]], [[0.9826908707618713, -0.04165560007095337, -0.18050867319107056, -0.0038042827509343624], [-0.03476684167981148, -0.9985474944114685, 0.04116164147853851, 0.015056610107421875], [-0.1819610595703125, -0.03417344391345978, -0.982711672782898, -0.7427976131439209], [0.0, 0.0, 0.0, 1.0]], [[0.9786943197250366, -0.05901511758565903, -0.19665899872779846, -0.002898405771702528], [-0.04792885482311249, -0.9970066547393799, 0.06066732108592987, 0.013834163546562195], [-0.19965064525604248, -0.04994910955429077, -0.9785932302474976, -0.7410579323768616], [0.0, 0.0, 0.0, 1.0]], [[0.9725748896598816, -0.06608285754919052, -0.22300498187541962, -0.002168373204767704], [-0.05266165733337402, -0.9964548349380493, 0.06560918688774109, 0.012837022542953491], [-0.22655001282691956, -0.052066028118133545, -0.9726069569587708, -0.74016934633255], [0.0, 0.0, 0.0, 1.0]], [[0.9657860994338989, -0.07726846635341644, -0.2475617229938507, -0.00250594993121922], [-0.05767239257693291, -0.9946707487106323, 0.08546347916126251, 0.012946069240570068], [-0.25284603238105774, -0.06826196610927582, -0.9650954604148865, -0.7407336235046387], [0.0, 0.0, 0.0, 1.0]], [[0.96064293384552, -0.08246193826198578, -0.26526445150375366, -0.003068535355851054], [-0.05834783613681793, -0.9935188889503479, 0.0975482314825058, 0.01360580325126648], [-0.2715892791748047, -0.07823139429092407, -0.9592283964157104, -0.741183340549469], [0.0, 0.0, 0.0, 1.0]], [[0.9555475115776062, -0.10916164517402649, -0.27388402819633484, -0.0023699963930994272], [-0.07633703202009201, -0.9888581037521362, 0.12779752910137177, 0.013787075877189636], [-0.2847830057144165, -0.10120914876461029, -0.953234076499939, -0.7414524555206299], [0.0, 0.0, 0.0, 1.0]], [[0.9543153047561646, -0.12652307748794556, -0.27069202065467834, -0.0016543327365070581], [-0.08520661294460297, -0.9835429191589355, 0.15932095050811768, 0.01488804817199707], [-0.28639495372772217, -0.12897765636444092, -0.949390709400177, -0.7413037419319153], [0.0, 0.0, 0.0, 1.0]], [[0.9526698589324951, -0.15460966527462006, -0.2617558240890503, -0.0002555171959102154], [-0.10402430593967438, -0.9748295545578003, 0.19719620048999786, 0.01618659496307373], [-0.2856557071208954, -0.1606338918209076, -0.94477379322052, -0.7409722805023193], [0.0, 0.0, 0.0, 1.0]], [[0.9484349489212036, -0.1816021203994751, -0.25979235768318176, 0.0017237290740013123], [-0.12065279483795166, -0.9647430181503296, 0.23391014337539673, 0.017246246337890625], [-0.2931113839149475, -0.19050385057926178, -0.9369066953659058, -0.7417250871658325], [0.0, 0.0, 0.0, 1.0]], [[0.94046550989151, -0.2138020098209381, -0.26422223448753357, 0.004039154388010502], [-0.14054089784622192, -0.9524235129356384, 0.2704397737979889, 0.018482640385627747], [-0.30947205424308777, -0.2172052562236786, -0.9257693886756897, -0.7415984272956848], [0.0, 0.0, 0.0, 1.0]], [[0.935849130153656, -0.23346607387065887, -0.26396968960762024, 0.005937485024333], [-0.14767251908779144, -0.939930260181427, 0.30777260661125183, 0.02005869150161743], [-0.31996750831604004, -0.2490476667881012, -0.914109468460083, -0.7412202954292297], [0.0, 0.0, 0.0, 1.0]], [[0.9339942336082458, -0.2511615455150604, -0.2541119158267975, 0.007276051677763462], [-0.15564313530921936, -0.92620849609375, 0.34338483214378357, 0.020555689930915833], [-0.3216056525707245, -0.281168669462204, -0.9041649103164673, -0.7413610816001892], [0.0, 0.0, 0.0, 1.0]], [[0.9344347715377808, -0.2529771625995636, -0.25066715478897095, 0.008047085255384445], [-0.14780937135219574, -0.9158607125282288, 0.37329813838005066, 0.020826131105422974], [-0.3240121006965637, -0.3117718994617462, -0.8932045102119446, -0.7405208349227905], [0.0, 0.0, 0.0, 1.0]], [[0.9366432428359985, -0.24925829470157623, -0.2461090385913849, 0.008112218230962753], [-0.13311012089252472, -0.9031665325164795, 0.40813225507736206, 0.021450117230415344], [-0.3240077793598175, -0.3495146930217743, -0.8791235685348511, -0.7397300004959106], [0.0, 0.0, 0.0, 1.0]], [[0.9429041147232056, -0.23892846703529358, -0.2320447564125061, 0.007354063913226128], [-0.11507266014814377, -0.8874911665916443, 0.4462258517742157, 0.021850764751434326], [-0.3125537633895874, -0.3940463066101074, -0.8643132448196411, -0.7392863631248474], [0.0, 0.0, 0.0, 1.0]], [[0.9519014358520508, -0.21338756382465363, -0.219884991645813, 0.006609766278415918], [-0.08326233178377151, -0.8707700371742249, 0.4845893979072571, 0.021880105137825012], [-0.2948746085166931, -0.442973256111145, -0.8466542959213257, -0.739171028137207], [0.0, 0.0, 0.0, 1.0]], [[0.9549328684806824, -0.18325775861740112, -0.23349478840827942, 0.004985823296010494], [-0.03480149805545807, -0.8503498435020447, 0.5250657200813293, 0.021741122007369995], [-0.2947746217250824, -0.49327656626701355, -0.8184047341346741, -0.7388216853141785], [0.0, 0.0, 0.0, 1.0]], [[0.9599102139472961, -0.13488568365573883, -0.2457197904586792, 0.00391958374530077], [0.02415546029806137, -0.833541214466095, 0.5519288778305054, 0.020880088210105896], [-0.279264897108078, -0.5357376337051392, -0.7968664765357971, -0.7388522624969482], [0.0, 0.0, 0.0, 1.0]], [[0.9601148962974548, -0.10026475787162781, -0.26101019978523254, 0.0023368175607174635], [0.06897768378257751, -0.8197070360183716, 0.5686147212982178, 0.020030081272125244], [-0.2709638476371765, -0.5639392733573914, -0.7800968885421753, -0.7391811013221741], [0.0, 0.0, 0.0, 1.0]], [[0.9506940245628357, -0.0931258499622345, -0.2958182394504547, 0.0021776026114821434], [0.09879174828529358, -0.8132241368293762, 0.5735039114952087, 0.01981121301651001], [-0.2939745783805847, -0.5744511485099792, -0.7639272809028625, -0.7381290197372437], [0.0, 0.0, 0.0, 1.0]], [[0.9387124180793762, -0.11020951718091965, -0.32660791277885437, 0.0023453617468476295], [0.10835298150777817, -0.8051394820213318, 0.5831037759780884, 0.020463138818740845], [-0.32722848653793335, -0.5827558040618896, -0.743852972984314, -0.7373437881469727], [0.0, 0.0, 0.0, 1.0]], [[0.922371506690979, -0.11640182882547379, -0.36834970116615295, 0.002220507711172104], [0.13664302229881287, -0.793569803237915, 0.5929381847381592, 0.020508095622062683], [-0.3613303005695343, -0.5972416400909424, -0.7160606384277344, -0.7372757196426392], [0.0, 0.0, 0.0, 1.0]], [[0.888418436050415, -0.11716713011264801, -0.44382932782173157, 0.001209253678098321], [0.19981244206428528, -0.7717610001564026, 0.6037052273750305, 0.02048039436340332], [-0.41326457262039185, -0.6250255107879639, -0.6622352600097656, -0.7375367879867554], [0.0, 0.0, 0.0, 1.0]], [[0.8381050229072571, -0.1001025140285492, -0.5362456440925598, -0.0023985900916159153], [0.292431116104126, -0.7473936676979065, 0.5965623259544373, 0.020917996764183044], [-0.46050405502319336, -0.6567968130111694, -0.5971212387084961, -0.7382168769836426], [0.0, 0.0, 0.0, 1.0]], [[0.8071394562721252, -0.09987170249223709, -0.5818518996238708, -0.003898072289302945], [0.33898183703422546, -0.7285158038139343, 0.5952781438827515, 0.020980313420295715], [-0.483339786529541, -0.6777095794677734, -0.5541591644287109, -0.7387718558311462], [0.0, 0.0, 0.0, 1.0]], [[0.7793701887130737, -0.1320391297340393, -0.6124931573867798, -0.003951606340706348], [0.3510403633117676, -0.7176955938339233, 0.6014015078544617, 0.02077418565750122], [-0.5189921259880066, -0.6837242245674133, -0.512999415397644, -0.7399463653564453], [0.0, 0.0, 0.0, 1.0]], [[0.7467051148414612, -0.15575511753559113, -0.6466622352600098, -0.004439154639840126], [0.37976908683776855, -0.6983298659324646, 0.6067215800285339, 0.02086697518825531], [-0.5460835099220276, -0.698624312877655, -0.4622954726219177, -0.740447461605072], [0.0, 0.0, 0.0, 1.0]], [[0.697456419467926, -0.15886487066745758, -0.6987964510917664, -0.006611074320971966], [0.4375939965248108, -0.6777994632720947, 0.5908462405204773, 0.02174346148967743], [-0.5675085783004761, -0.7178787589073181, -0.40321722626686096, -0.7411307692527771], [0.0, 0.0, 0.0, 1.0]], [[0.6424782276153564, -0.16028760373592377, -0.7493528127670288, -0.0092017175629735], [0.4990847110748291, -0.6545199751853943, 0.5679067373275757, 0.024099960923194885], [-0.5814947485923767, -0.7388582229614258, -0.34051772952079773, -0.740771472454071], [0.0, 0.0, 0.0, 1.0]], [[0.5802409648895264, -0.16351458430290222, -0.7978617548942566, -0.012527227401733398], [0.5625979900360107, -0.6278764009475708, 0.5378242135047913, 0.026638448238372803], [-0.5889005661010742, -0.7609430551528931, -0.27232664823532104, -0.7394835948944092], [0.0, 0.0, 0.0, 1.0]], [[0.5100149512290955, -0.1769348531961441, -0.8417713046073914, -0.016044234856963158], [0.6351527571678162, -0.5824680328369141, 0.5072593092918396, 0.029061198234558105], [-0.5800567865371704, -0.793363094329834, -0.1846867799758911, -0.7374061942100525], [0.0, 0.0, 0.0, 1.0]], [[0.4383546710014343, -0.22811228036880493, -0.8693733215332031, -0.01878826878964901], [0.6952012777328491, -0.5270223021507263, 0.48881763219833374, 0.031459152698516846], [-0.5696843862533569, -0.8186649084091187, -0.07243870943784714, -0.7352911233901978], [0.0, 0.0, 0.0, 1.0]], [[0.34559956192970276, -0.30611592531204224, -0.8870480060577393, -0.020879710093140602], [0.7401561737060547, -0.4921518862247467, 0.458208829164505, 0.0335833877325058], [-0.576827347278595, -0.814910888671875, 0.056486159563064575, -0.7339850068092346], [0.0, 0.0, 0.0, 1.0]], [[0.23561465740203857, -0.38549527525901794, -0.8921205997467041, -0.022567322477698326], [0.7692676186561584, -0.48699092864990234, 0.4136025905609131, 0.035431548953056335], [-0.5938965082168579, -0.7837303876876831, 0.18180683255195618, -0.7328243851661682], [0.0, 0.0, 0.0, 1.0]], [[0.12272976338863373, -0.44408154487609863, -0.8875411152839661, -0.023736270144581795], [0.8004084825515747, -0.4844439923763275, 0.35307279229164124, 0.03716099262237549], [-0.5867569446563721, -0.7537278532981873, 0.295990914106369, -0.732236385345459], [0.0, 0.0, 0.0, 1.0]], [[0.022176412865519524, -0.4952945411205292, -0.8684421181678772, -0.025922928005456924], [0.8348823189735413, -0.46868735551834106, 0.28862372040748596, 0.038122162222862244], [-0.5499814748764038, -0.731447696685791, 0.4031188488006592, -0.732336699962616], [0.0, 0.0, 0.0, 1.0]], [[-0.05286780372262001, -0.5348997712135315, -0.8432599902153015, -0.026873966678977013], [0.8647514581680298, -0.44683539867401123, 0.2292230725288391, 0.03850254416465759], [-0.4994097054004669, -0.7170916795730591, 0.48617851734161377, -0.7320278882980347], [0.0, 0.0, 0.0, 1.0]], [[-0.11482676863670349, -0.5739578008651733, -0.8107941746711731, -0.02758587710559368], [0.8866609334945679, -0.4272538125514984, 0.17687994241714478, 0.03891104459762573], [-0.4479365348815918, -0.6985889673233032, 0.5579661130905151, -0.7316691875457764], [0.0, 0.0, 0.0, 1.0]], [[-0.16585418581962585, -0.6011669039726257, -0.7817230224609375, -0.027273984625935555], [0.8984527587890625, -0.41890618205070496, 0.13153044879436493, 0.03881120681762695], [-0.40654030442237854, -0.6805263161659241, 0.6095974445343018, -0.7313512563705444], [0.0, 0.0, 0.0, 1.0]], [[-0.2038172334432602, -0.6263943910598755, -0.7523885369300842, -0.026965005323290825], [0.9097185134887695, -0.40515923500061035, 0.09087476879358292, 0.03858661651611328], [-0.36176061630249023, -0.66593998670578, 0.6524211168289185, -0.7312266230583191], [0.0, 0.0, 0.0, 1.0]], [[-0.2292470932006836, -0.6459740400314331, -0.7281232476234436, -0.02602892741560936], [0.9186077117919922, -0.3909474015235901, 0.0576188787817955, 0.039268046617507935], [-0.3218781650066376, -0.6556507349014282, 0.6830201745033264, -0.7307185530662537], [0.0, 0.0, 0.0, 1.0]], [[-0.25498849153518677, -0.6788392663002014, -0.6885913610458374, -0.026449795812368393], [0.9267035722732544, -0.3748651444911957, 0.026393607258796692, 0.038541778922080994], [-0.27604594826698303, -0.6313900351524353, 0.7246689796447754, -0.7310868501663208], [0.0, 0.0, 0.0, 1.0]], [[-0.2966451942920685, -0.7377034425735474, -0.606461226940155, -0.02600635215640068], [0.9332753419876099, -0.358586847782135, -0.0203159898519516, 0.03826700150966644], [-0.20248186588287354, -0.5720219016075134, 0.7948534488677979, -0.7302216291427612], [0.0, 0.0, 0.0, 1.0]], [[-0.35386642813682556, -0.8102463483810425, -0.4672037661075592, -0.024655893445014954], [0.9303578734397888, -0.3561990559101105, -0.08692863583564758, 0.03709809482097626], [-0.09598395228385925, -0.46542778611183167, 0.8798659443855286, -0.7284184098243713], [0.0, 0.0, 0.0, 1.0]], [[-0.3907844126224518, -0.8734628558158875, -0.2904309332370758, -0.02149604633450508], [0.9186915159225464, -0.350429892539978, -0.18222159147262573, 0.03534819185733795], [0.057388097047805786, -0.3380257487297058, 0.9393855929374695, -0.726936399936676], [0.0, 0.0, 0.0, 1.0]], [[-0.3615683317184448, -0.9263962507247925, -0.10515785962343216, -0.015924369916319847], [0.9000136852264404, -0.3173579275608063, -0.2987630367279053, 0.032677844166755676], [0.24340030550956726, -0.2026667594909668, 0.9485159516334534, -0.7249339818954468], [0.0, 0.0, 0.0, 1.0]], [[-0.2682458758354187, -0.9606372714042664, 0.07225161790847778, -0.010489743202924728], [0.8565475940704346, -0.2721584737300873, -0.4384700357913971, 0.028999999165534973], [0.44087445735931396, -0.05573085695505142, 0.8958368897438049, -0.7238785624504089], [0.0, 0.0, 0.0, 1.0]], [[-0.14758922159671783, -0.9636951684951782, 0.22250618040561676, -0.004466118756681681], [0.7722729444503784, -0.25283727049827576, -0.5828102231025696, 0.024479597806930542], [0.6179092526435852, 0.08581899106502533, 0.781551718711853, -0.7231451272964478], [0.0, 0.0, 0.0, 1.0]], [[-0.01863108202815056, -0.9466705322265625, 0.3216642737388611, 0.0018824045546352863], [0.664767861366272, -0.2520368695259094, -0.7032503485679626, 0.019318222999572754], [0.7468175888061523, 0.20072977244853973, 0.6340119242668152, -0.7241174578666687], [0.0, 0.0, 0.0, 1.0]], [[0.056095633655786514, -0.9232935905456543, 0.3799767792224884, 0.005531115457415581], [0.5895563364028931, -0.27651193737983704, -0.7589232921600342, 0.01548263430595398], [0.8057770729064941, 0.2665899395942688, 0.5288224220275879, -0.7257144451141357], [0.0, 0.0, 0.0, 1.0]], [[0.09619899094104767, -0.8911124467849731, 0.44346848130226135, 0.006688548251986504], [0.5595263242721558, -0.32006508111953735, -0.7645185589790344, 0.013277485966682434], [0.8232108354568481, 0.32167819142341614, 0.4678109288215637, -0.7262459993362427], [0.0, 0.0, 0.0, 1.0]], [[0.1339673399925232, -0.8541629910469055, 0.5024523735046387, 0.007199520245194435], [0.5583164095878601, -0.35384032130241394, -0.7503865361213684, 0.013153553009033203], [0.8187402486801147, 0.38105469942092896, 0.4294901490211487, -0.7274135947227478], [0.0, 0.0, 0.0, 1.0]], [[0.18348486721515656, -0.8129776120185852, 0.5526307225227356, 0.00828215479850769], [0.5825664401054382, -0.36289024353027344, -0.72727370262146, 0.013695791363716125], [0.7918014526367188, 0.4553878605365753, 0.4070286154747009, -0.7296503782272339], [0.0, 0.0, 0.0, 1.0]], [[0.2340414971113205, -0.7782043814659119, 0.5827713012695312, 0.00833603460341692], [0.5735794901847839, -0.3734673261642456, -0.7290601134300232, 0.01359468698501587], [0.7850039005279541, 0.5048960447311401, 0.3589552342891693, -0.7304416298866272], [0.0, 0.0, 0.0, 1.0]], [[0.2955886125564575, -0.7548070549964905, 0.5855712890625, 0.009328627958893776], [0.5585746169090271, -0.360707551240921, -0.7469167113304138, 0.0135430246591568], [0.774997889995575, 0.5478653311729431, 0.31499505043029785, -0.7323447465896606], [0.0, 0.0, 0.0, 1.0]], [[0.3687847852706909, -0.7391713261604309, 0.5635810494422913, 0.011929014697670937], [0.519952118396759, -0.33853617310523987, -0.7842468619346619, 0.015769779682159424], [0.7704852819442749, 0.5822534561157227, 0.25948673486709595, -0.7334610223770142], [0.0, 0.0, 0.0, 1.0]], [[0.4449566602706909, -0.6819329261779785, 0.5805006623268127, 0.014166174456477165], [0.47515934705734253, -0.36967185139656067, -0.7984775304794312, 0.016121089458465576], [0.7591029405593872, 0.6311181783676147, 0.15953883528709412, -0.7332013249397278], [0.0, 0.0, 0.0, 1.0]], [[0.5082259178161621, -0.6036553978919983, 0.6142529249191284, 0.01477237232029438], [0.41132402420043945, -0.4564918279647827, -0.788940966129303, 0.015634149312973022], [0.7566498517990112, 0.6536172032356262, 0.01629696786403656, -0.7327673435211182], [0.0, 0.0, 0.0, 1.0]], [[0.5427027344703674, -0.5859119892120361, 0.6018146872520447, 0.015535739250481129], [0.2986188530921936, -0.5351011753082275, -0.7902491092681885, 0.0162351131439209], [0.7850480675697327, 0.6085835695266724, -0.11543653905391693, -0.7314496636390686], [0.0, 0.0, 0.0, 1.0]], [[0.5380064845085144, -0.5896942615509033, 0.6023370623588562, 0.015019592829048634], [0.1731078028678894, -0.6220437288284302, -0.7636069059371948, 0.017312034964561462], [0.8249744176864624, 0.5150946378707886, -0.23258288204669952, -0.7334680557250977], [0.0, 0.0, 0.0, 1.0]], [[0.49002355337142944, -0.5930956602096558, 0.6388384103775024, 0.01296868734061718], [0.09562989324331284, -0.6918582916259766, -0.7156724333763123, 0.015656813979148865], [0.8664478659629822, 0.41178837418556213, -0.2823092043399811, -0.7357310056686401], [0.0, 0.0, 0.0, 1.0]], [[0.466455340385437, -0.5736739039421082, 0.6732886433601379, 0.011200608685612679], [0.052913665771484375, -0.7417097091674805, -0.6686305999755859, 0.01491287350654602], [0.8829606771469116, 0.34751248359680176, -0.3156192898750305, -0.7344666123390198], [0.0, 0.0, 0.0, 1.0]], [[0.48275724053382874, -0.5817866325378418, 0.6545760631561279, 0.0103431586176157], [0.010216131806373596, -0.743650496006012, -0.6684905290603638, 0.01460537314414978], [0.875694751739502, 0.32940584421157837, -0.3530590534210205, -0.7313313484191895], [0.0, 0.0, 0.0, 1.0]], [[0.5229154825210571, -0.5843429565429688, 0.6205665469169617, 0.008942699991166592], [-0.0624019056558609, -0.7523260712623596, -0.6558289527893066, 0.014827519655227661], [0.8500971794128418, 0.304218590259552, -0.42986708879470825, -0.7282782196998596], [0.0, 0.0, 0.0, 1.0]], [[0.5769715309143066, -0.5795887112617493, 0.5754831433296204, 0.006224765442311764], [-0.15902921557426453, -0.7708224654197693, -0.616881251335144, 0.014885902404785156], [0.8011327385902405, 0.264404296875, -0.5369142293930054, -0.7272434234619141], [0.0, 0.0, 0.0, 1.0]], [[0.6420551538467407, -0.5861310958862305, 0.49418166279792786, 0.004742678254842758], [-0.25202101469039917, -0.7701301574707031, -0.5859906673431396, 0.016048714518547058], [0.7240514755249023, 0.2516942024230957, -0.6421833634376526, -0.7271043062210083], [0.0, 0.0, 0.0, 1.0]], [[0.7239312529563904, -0.5772829055786133, 0.3777141869068146, 0.0033768857829272747], [-0.31502145528793335, -0.7637203931808472, -0.5634650588035583, 0.017029613256454468], [0.6137467622756958, 0.28892189264297485, -0.7347375154495239, -0.7290262579917908], [0.0, 0.0, 0.0, 1.0]], [[0.813267171382904, -0.5401511788368225, 0.21641014516353607, 0.0002833206672221422], [-0.36181312799453735, -0.7606809139251709, -0.5389397740364075, 0.018529728055000305], [0.4557279944419861, 0.36000192165374756, -0.8140705823898315, -0.7327235341072083], [0.0, 0.0, 0.0, 1.0]], [[0.8814048767089844, -0.4631541967391968, 0.0928097739815712, -0.0012741615064442158], [-0.36200419068336487, -0.7885349988937378, -0.49715739488601685, 0.019900739192962646], [0.3034443259239197, 0.4045993983745575, -0.8626823425292969, -0.7353334426879883], [0.0, 0.0, 0.0, 1.0]], [[0.9310534000396729, -0.3640998601913452, 0.023890390992164612, -0.00439530611038208], [-0.31829574704170227, -0.8424490094184875, -0.43470388650894165, 0.023066028952598572], [0.17840208113193512, 0.3971283435821533, -0.9002565145492554, -0.7367986440658569], [0.0, 0.0, 0.0, 1.0]], [[0.9584528207778931, -0.2851177453994751, -0.008729016408324242, -0.008586128242313862], [-0.26488763093948364, -0.8782587647438049, -0.398115873336792, 0.026425018906593323], [0.10584355890750885, 0.38388746976852417, -0.9172936677932739, -0.7364320755004883], [0.0, 0.0, 0.0, 1.0]], [[0.9752447009086609, -0.2103763371706009, -0.06811418384313583, -0.01303822547197342], [-0.21955034136772156, -0.8844701051712036, -0.4117163419723511, 0.02815338969230652], [0.026370398700237274, 0.4164786636829376, -0.90876305103302, -0.7363860607147217], [0.0, 0.0, 0.0, 1.0]], [[0.9778826832771301, -0.12624692916870117, -0.16675497591495514, -0.016535555943846703], [-0.1878012865781784, -0.8809463977813721, -0.4343549609184265, 0.02876211702823639], [-0.092066191136837, 0.45606499910354614, -0.8851715326309204, -0.7367066144943237], [0.0, 0.0, 0.0, 1.0]], [[0.9536187648773193, -0.032636046409606934, -0.2992427945137024, -0.01902156136929989], [-0.16049565374851227, -0.8961418867111206, -0.41372817754745483, 0.029755383729934692], [-0.25466153025627136, 0.44256603717803955, -0.8598156571388245, -0.7364643216133118], [0.0, 0.0, 0.0, 1.0]], [[0.9019908308982849, 0.05493002384901047, -0.42824703454971313, -0.02346414513885975], [-0.12947995960712433, -0.9118068814277649, -0.389670729637146, 0.03132617473602295], [-0.411883145570755, 0.4069287180900574, -0.8153290748596191, -0.7365516424179077], [0.0, 0.0, 0.0, 1.0]], [[0.8497524261474609, 0.1273597925901413, -0.5115665197372437, -0.025775164365768433], [-0.09814369678497314, -0.9151976108551025, -0.39087244868278503, 0.03171786665916443], [-0.5179658532142639, 0.382351815700531, -0.765191912651062, -0.7358182072639465], [0.0, 0.0, 0.0, 1.0]], [[0.8331026434898376, 0.18016092479228973, -0.5229550004005432, -0.02399425394833088], [-0.08618994057178497, -0.8916332125663757, -0.4444790184497833, 0.030485615134239197], [-0.5463617444038391, 0.4153701663017273, -0.7272939085960388, -0.7348335385322571], [0.0, 0.0, 0.0, 1.0]], [[0.8695147633552551, 0.20927779376506805, -0.4473779797554016, -0.022957047447562218], [-0.08570989966392517, -0.8281155824661255, -0.5539661645889282, 0.028899356722831726], [-0.48641344904899597, 0.5200263857841492, -0.7021215558052063, -0.7343515753746033], [0.0, 0.0, 0.0, 1.0]], [[0.9175000786781311, 0.2085082232952118, -0.33870068192481995, -0.020247478038072586], [-0.08689715713262558, -0.7259130477905273, -0.6822750568389893, 0.02452877163887024], [-0.3881271779537201, 0.6554194688796997, -0.647906482219696, -0.732934832572937], [0.0, 0.0, 0.0, 1.0]], [[0.9527223706245422, 0.2038518637418747, -0.2253102958202362, -0.014787008054554462], [-0.05844411253929138, -0.6047402620315552, -0.7942754626274109, 0.019044414162635803], [-0.29816874861717224, 0.7698919773101807, -0.5642355680465698, -0.7302520871162415], [0.0, 0.0, 0.0, 1.0]], [[0.960877537727356, 0.2193537801504135, -0.16911056637763977, -0.00969981774687767], [-0.036922063678503036, -0.5036730170249939, -0.863105058670044, 0.014525264501571655], [-0.274501770734787, 0.8355820775032043, -0.4758690297603607, -0.7285049557685852], [0.0, 0.0, 0.0, 1.0]], [[0.9497121572494507, 0.273571252822876, -0.15233352780342102, -0.008688990026712418], [-0.014982998371124268, -0.44623497128486633, -0.8947904109954834, 0.010595694184303284], [-0.3127654194831848, 0.8520758152008057, -0.4196958541870117, -0.729741632938385], [0.0, 0.0, 0.0, 1.0]], [[0.928700864315033, 0.33334898948669434, -0.1624593734741211, -0.007028625346720219], [-0.0033834129571914673, -0.4304618835449219, -0.9026023149490356, 0.007893308997154236], [-0.37081414461135864, 0.8387973308563232, -0.39864248037338257, -0.7314351201057434], [0.0, 0.0, 0.0, 1.0]], [[0.9091299176216125, 0.37115851044654846, -0.18900856375694275, -0.006921583786606789], [-0.00208967924118042, -0.4497179388999939, -0.8931681513786316, 0.007730409502983093], [-0.4165075421333313, 0.8124008178710938, -0.4080764353275299, -0.7322645783424377], [0.0, 0.0, 0.0, 1.0]], [[0.8950199484825134, 0.3807697296142578, -0.2322791963815689, -0.006397757679224014], [-0.01745975762605667, -0.49046599864959717, -0.8712852597236633, 0.0092659592628479], [-0.44568419456481934, 0.7838733196258545, -0.43232864141464233, -0.7311532497406006], [0.0, 0.0, 0.0, 1.0]], [[0.855581521987915, 0.4404691159725189, -0.27196910977363586, -0.005025273188948631], [-0.04620325565338135, -0.45830172300338745, -0.887594997882843, 0.008552715182304382], [-0.5156020522117615, 0.7719757556915283, -0.37176334857940674, -0.7283798456192017], [0.0, 0.0, 0.0, 1.0]], [[0.7595468163490295, 0.5717642903327942, -0.3101196885108948, -0.00407487154006958], [-0.0873299390077591, -0.38281819224357605, -0.9196867346763611, 0.008320674300193787], [-0.6445634961128235, 0.7256278395652771, -0.2408362179994583, -0.7260667085647583], [0.0, 0.0, 0.0, 1.0]], [[0.5885409116744995, 0.7499433755874634, -0.30200091004371643, -0.0030681206844747066], [-0.15145263075828552, -0.2646622955799103, -0.9523738026618958, 0.009714305400848389], [-0.794154703617096, 0.6062497496604919, -0.04218369722366333, -0.723587155342102], [0.0, 0.0, 0.0, 1.0]], [[0.37896886467933655, 0.8962096571922302, -0.23063142597675323, -0.0013241616543382406], [-0.2078600972890854, -0.1604168862104416, -0.964914858341217, 0.011446729302406311], [-0.9017632007598877, 0.4136117696762085, 0.12549322843551636, -0.7214236855506897], [0.0, 0.0, 0.0, 1.0]], [[0.1706279218196869, 0.977881133556366, -0.12097345292568207, 0.0027532808016985655], [-0.24132665991783142, -0.0775609016418457, -0.9673395752906799, 0.01318688690662384], [-0.9553259015083313, 0.1942492574453354, 0.22275474667549133, -0.7204335927963257], [0.0, 0.0, 0.0, 1.0]], [[-0.0205594003200531, 0.9996514916419983, -0.016560101881623268, 0.006245792843401432], [-0.23127850890159607, -0.02086964063346386, -0.9726636409759521, 0.01523919403553009], [-0.972670316696167, -0.016167383641004562, 0.2316269427537918, -0.7197521924972534], [0.0, 0.0, 0.0, 1.0]], [[-0.17969727516174316, 0.9812895059585571, 0.06913585960865021, 0.008986925706267357], [-0.2106766253709793, 0.030259937047958374, -0.9770873785018921, 0.017012596130371094], [-0.9608975648880005, -0.19014523923397064, 0.20129714906215668, -0.7190037369728088], [0.0, 0.0, 0.0, 1.0]], [[-0.2712707817554474, 0.9507884979248047, 0.1497112512588501, 0.009835041128098965], [-0.1989223212003708, 0.09680382907390594, -0.9752224683761597, 0.016668453812599182], [-0.9417228698730469, -0.29433026909828186, 0.16287299990653992, -0.7208366394042969], [0.0, 0.0, 0.0, 1.0]], [[-0.3391942083835602, 0.9067898988723755, 0.2503582835197449, 0.007887938991189003], [-0.23116496205329895, 0.1776302456855774, -0.9565616846084595, 0.016501277685165405], [-0.9118716716766357, -0.38233423233032227, 0.14936691522598267, -0.7228294610977173], [0.0, 0.0, 0.0, 1.0]], [[-0.3778800070285797, 0.857799768447876, 0.3484051823616028, 0.0038662543520331383], [-0.287502646446228, 0.24898706376552582, -0.9248501062393188, 0.01582302153110504], [-0.8800846338272095, -0.44964975118637085, 0.1525324583053589, -0.7234198451042175], [0.0, 0.0, 0.0, 1.0]], [[-0.3729824423789978, 0.8353287577629089, 0.403868705034256, 0.0008582631126046181], [-0.32817327976226807, 0.2883734107017517, -0.8995238542556763, 0.014294877648353577], [-0.867863118648529, -0.46804553270339966, 0.1665743887424469, -0.7236009836196899], [0.0, 0.0, 0.0, 1.0]], [[-0.35800299048423767, 0.8458102941513062, 0.39552342891693115, -0.0011923294514417648], [-0.34778034687042236, 0.2723294496536255, -0.8971541523933411, 0.013240411877632141], [-0.8665350079536438, -0.4587390422821045, 0.19666144251823425, -0.7231813073158264], [0.0, 0.0, 0.0, 1.0]], [[-0.368563711643219, 0.8652178049087524, 0.33993953466415405, -0.0009232910815626383], [-0.3668060898780823, 0.20065444707870483, -0.908400297164917, 0.012986630201339722], [-0.8541744947433472, -0.4594952464103699, 0.24341320991516113, -0.7240699529647827], [0.0, 0.0, 0.0, 1.0]], [[-0.40073198080062866, 0.8740606307983398, 0.27464863657951355, 0.000750876497477293], [-0.3842531740665436, 0.1117941290140152, -0.9164342880249023, 0.011849939823150635], [-0.831723153591156, -0.4727790653705597, 0.2910611033439636, -0.7262462377548218], [0.0, 0.0, 0.0, 1.0]], [[-0.41833871603012085, 0.873699963092804, 0.24827654659748077, 0.0010892727877944708], [-0.3890836834907532, 0.07461680471897125, -0.9181755781173706, 0.010493069887161255], [-0.8207354545593262, -0.48070865869522095, 0.30872729420661926, -0.7268829345703125], [0.0, 0.0, 0.0, 1.0]], [[-0.40340614318847656, 0.8845013380050659, 0.23435194790363312, 4.580151289701462e-05], [-0.4049748182296753, 0.057079918682575226, -0.9125445485115051, 0.009389907121658325], [-0.8205236792564392, -0.4630325734615326, 0.3351743817329407, -0.7287306785583496], [0.0, 0.0, 0.0, 1.0]], [[-0.4132812023162842, 0.877792239189148, 0.24223870038986206, -0.0014958037063479424], [-0.45896339416503906, 0.028962358832359314, -0.8879830837249756, 0.009050175547599792], [-0.7864803671836853, -0.47816532850265503, 0.39090490341186523, -0.731342077255249], [0.0, 0.0, 0.0, 1.0]], [[-0.4653282165527344, 0.8521111011505127, 0.23953360319137573, -0.0035718227736651897], [-0.5115330219268799, -0.038034915924072266, -0.8584214448928833, 0.009862452745437622], [-0.7223597764968872, -0.5219770669937134, 0.45358169078826904, -0.7330706715583801], [0.0, 0.0, 0.0, 1.0]], [[-0.5474033951759338, 0.8039405345916748, 0.2324414700269699, -0.005731899291276932], [-0.5267341136932373, -0.1151517704129219, -0.8421942591667175, 0.010037004947662354], [-0.6503080725669861, -0.5834549069404602, 0.4864974021911621, -0.7338143587112427], [0.0, 0.0, 0.0, 1.0]], [[-0.6190725564956665, 0.7541815042495728, 0.2189965546131134, -0.008886829018592834], [-0.5075325965881348, -0.1714131236076355, -0.8444099426269531, 0.009760990738868713], [-0.5992995500564575, -0.6338988542556763, 0.48888885974884033, -0.7339196801185608], [0.0, 0.0, 0.0, 1.0]], [[-0.6675177812576294, 0.712430477142334, 0.21647851169109344, -0.011485325172543526], [-0.48834139108657837, -0.19940777122974396, -0.8495641946792603, 0.010419756174087524], [-0.562087893486023, -0.6728145480155945, 0.481017529964447, -0.7327225208282471], [0.0, 0.0, 0.0, 1.0]], [[-0.6954393982887268, 0.6796634197235107, 0.23328495025634766, -0.012993242591619492], [-0.497303307056427, -0.2208748757839203, -0.8389898538589478, 0.01098930835723877], [-0.5187038779258728, -0.6994797587394714, 0.4916040003299713, -0.7321485877037048], [0.0, 0.0, 0.0, 1.0]], [[-0.7086120247840881, 0.6615091562271118, 0.24550896883010864, -0.014139723032712936], [-0.5241708755493164, -0.2605924606323242, -0.8107627630233765, 0.011242136359214783], [-0.4723491668701172, -0.7032049894332886, 0.5314027667045593, -0.7316181063652039], [0.0, 0.0, 0.0, 1.0]], [[-0.7235218286514282, 0.6443009376525879, 0.24777492880821228, -0.014111412689089775], [-0.5448532700538635, -0.31262722611427307, -0.7780740261077881, 0.011830493807792664], [-0.42385268211364746, -0.697954535484314, 0.5772421360015869, -0.7311400771141052], [0.0, 0.0, 0.0, 1.0]], [[-0.7353633046150208, 0.628501296043396, 0.25343057513237, -0.012755201198160648], [-0.5605943202972412, -0.35405924916267395, -0.7485827803611755, 0.013100579380989075], [-0.3807557225227356, -0.6925519108772278, 0.6126964092254639, -0.7300357818603516], [0.0, 0.0, 0.0, 1.0]], [[-0.7505390048027039, 0.6064550876617432, 0.2624945342540741, -0.009801589883863926], [-0.565582811832428, -0.3840755522251129, -0.7297959923744202, 0.012521818280220032], [-0.34177064895629883, -0.6962027549743652, 0.6312642097473145, -0.7281738519668579], [0.0, 0.0, 0.0, 1.0]], [[-0.7910125851631165, 0.5527600049972534, 0.2622128129005432, -0.006248689256608486], [-0.5446609854698181, -0.44104596972465515, -0.7133182287216187, 0.011572688817977905], [-0.2786458432674408, -0.7070608139038086, 0.6499396562576294, -0.7246649265289307], [0.0, 0.0, 0.0, 1.0]], [[-0.8440717458724976, 0.46066170930862427, 0.2744699716567993, -0.005925723817199469], [-0.495741605758667, -0.4752534031867981, -0.7268937826156616, 0.009904056787490845], [-0.20440927147865295, -0.7496166229248047, 0.6295170783996582, -0.7244323492050171], [0.0, 0.0, 0.0, 1.0]], [[-0.8877485394477844, 0.3633876144886017, 0.28258079290390015, -0.003862735815346241], [-0.4406094551086426, -0.4930309057235718, -0.7501891851425171, 0.008029773831367493], [-0.13328838348388672, -0.7904871702194214, 0.5977994799613953, -0.7240678668022156], [0.0, 0.0, 0.0, 1.0]], [[-0.9154264330863953, 0.26908019185066223, 0.29931652545928955, -0.0036616085562855005], [-0.39893102645874023, -0.5079846382141113, -0.7634172439575195, 0.008885592222213745], [-0.05337228626012802, -0.8182588219642639, 0.5723670721054077, -0.7225605249404907], [0.0, 0.0, 0.0, 1.0]], [[-0.9269099831581116, 0.18087823688983917, 0.32881760597229004, -0.0035769592504948378], [-0.37171274423599243, -0.5630838871002197, -0.7380826473236084, 0.00879332423210144], [0.05164879560470581, -0.8063619136810303, 0.5891628265380859, -0.722226083278656], [0.0, 0.0, 0.0, 1.0]], [[-0.9140592813491821, 0.10148532688617706, 0.39267855882644653, -0.0029252897948026657], [-0.36186715960502625, -0.6413020491600037, -0.6765973567962646, 0.009749412536621094], [0.18316084146499634, -0.760547399520874, 0.6229123473167419, -0.7224587798118591], [0.0, 0.0, 0.0, 1.0]], [[-0.8747817277908325, 0.010847807861864567, 0.4843957722187042, -0.0027722129598259926], [-0.32955342531204224, -0.7461932897567749, -0.5784377455711365, 0.010536551475524902], [0.3551780581474304, -0.6656410694122314, 0.6563311815261841, -0.7240036129951477], [0.0, 0.0, 0.0, 1.0]], [[-0.8050920963287354, -0.07845917344093323, 0.5879376530647278, -0.0014765977393835783], [-0.28053852915763855, -0.822971761226654, -0.4939793348312378, 0.011925101280212402], [0.5226132869720459, -0.5626381635665894, 0.6405572891235352, -0.7248727679252625], [0.0, 0.0, 0.0, 1.0]], [[-0.7018036842346191, -0.16202102601528168, 0.6937008500099182, 0.0005869665183126926], [-0.23065674304962158, -0.8696516752243042, -0.43646708130836487, 0.013514265418052673], [0.6739948987960815, -0.4663209319114685, 0.572953462600708, -0.7258586287498474], [0.0, 0.0, 0.0, 1.0]], [[-0.5685364007949829, -0.2095949798822403, 0.7955101132392883, 0.0036194862332195044], [-0.18135270476341248, -0.911278486251831, -0.3697062134742737, 0.015445619821548462], [0.8024198412895203, -0.35445937514305115, 0.4800843894481659, -0.7262833118438721], [0.0, 0.0, 0.0, 1.0]], [[-0.4034497141838074, -0.22544358670711517, 0.8867939710617065, 0.006820038892328739], [-0.13455983996391296, -0.9440162777900696, -0.3012092709541321, 0.017303481698036194], [0.9050534963607788, -0.24084967374801636, 0.35052740573883057, -0.7259061932563782], [0.0, 0.0, 0.0, 1.0]], [[-0.22863821685314178, -0.21082957088947296, 0.9504081010818481, 0.008434902876615524], [-0.07348625361919403, -0.9697449207305908, -0.2327975332736969, 0.018446236848831177], [0.9707339406013489, -0.12306830286979675, 0.20622767508029938, -0.7245491743087769], [0.0, 0.0, 0.0, 1.0]], [[-0.051813866943120956, -0.17822369933128357, 0.9826249480247498, 0.008428006432950497], [-0.02736710011959076, -0.9833236336708069, -0.17979352176189423, 0.018549352884292603], [0.998281717300415, -0.036207377910614014, 0.046072304248809814, -0.7231292724609375], [0.0, 0.0, 0.0, 1.0]], [[0.06850089877843857, -0.13535165786743164, 0.9884268045425415, 0.007263176143169403], [-0.010601192712783813, -0.9907968640327454, -0.13494151830673218, 0.01832340657711029], [0.9975947141647339, -0.0012348741292953491, -0.06930534541606903, -0.7221587896347046], [0.0, 0.0, 0.0, 1.0]], [[0.1525159478187561, -0.09530466049909592, 0.9836952090263367, 0.004902462009340525], [-0.01856110990047455, -0.9954402446746826, -0.09356480836868286, 0.01745237410068512], [0.9881267547607422, -0.003988310694694519, -0.15358947217464447, -0.7214615941047668], [0.0, 0.0, 0.0, 1.0]], [[0.21587371826171875, -0.0671764612197876, 0.9741078019142151, 0.002816996304318309], [-0.06911236047744751, -0.9961796402931213, -0.05338247865438461, 0.016500651836395264], [0.9739723205566406, -0.05579899251461029, -0.2196916937828064, -0.719818651676178], [0.0, 0.0, 0.0, 1.0]], [[0.26375532150268555, -0.045272812247276306, 0.9635266065597534, 0.0011519803665578365], [-0.12471407651901245, -0.9921143054962158, -0.012476865202188492, 0.015565827488899231], [0.9564933180809021, -0.11687448620796204, -0.2673215866088867, -0.71784508228302], [0.0, 0.0, 0.0, 1.0]], [[0.2994678318500519, -0.03496723249554634, 0.953465461730957, -0.00024385936558246613], [-0.17353777587413788, -0.9846554398536682, 0.01839427649974823, 0.014499574899673462], [0.9381917119026184, -0.17097079753875732, -0.30094075202941895, -0.71645587682724], [0.0, 0.0, 0.0, 1.0]], [[0.3312072455883026, -0.01752019301056862, 0.9433954358100891, -0.0014214261900633574], [-0.1899547129869461, -0.9805952310562134, 0.048478253185749054, 0.013891950249671936], [0.9242397546768188, -0.1952587068080902, -0.3281083106994629, -0.7159000635147095], [0.0, 0.0, 0.0, 1.0]], [[0.359129935503006, -0.008340135216712952, 0.9332502484321594, -0.002546212635934353], [-0.20786543190479279, -0.9755574464797974, 0.07127179205417633, 0.014075368642807007], [0.9098448157310486, -0.2195863127708435, -0.35208550095558167, -0.7161723971366882], [0.0, 0.0, 0.0, 1.0]], [[0.41173118352890015, -0.007864829152822495, 0.9112715125083923, -0.0032948923762887716], [-0.2355521321296692, -0.9668997526168823, 0.09808235615491867, 0.013640105724334717], [0.8803367614746094, -0.2550354599952698, -0.39995530247688293, -0.7163452506065369], [0.0, 0.0, 