{"object_poses": [[[0.651767909526825, 0.6494566202163696, -0.3916689455509186, -0.01248738169670105], [-0.6006789803504944, 0.7573267221450806, 0.2562049925327301, 0.011171549558639526], [0.46301543712615967, 0.06828111410140991, 0.8837161660194397, -0.7309890389442444], [0.0, 0.0, 0.0, 1.0]], [[0.5720575451850891, 0.6588281393051147, -0.48856493830680847, -0.012522002682089806], [-0.6883969306945801, 0.7095018029212952, 0.15072138607501984, 0.012520253658294678], [0.44593721628189087, 0.25010526180267334, 0.8594111204147339, -0.7358685731887817], [0.0, 0.0, 0.0, 1.0]], [[0.4164826571941376, 0.6498263478279114, -0.6358208060264587, -0.010114711709320545], [-0.7757042646408081, 0.6187423467636108, 0.12426109611988068, 0.01922072470188141], [0.4741573929786682, 0.44145622849464417, 0.7617685794830322, -0.7398381233215332], [0.0, 0.0, 0.0, 1.0]], [[0.20365090668201447, 0.6115465760231018, -0.7645502686500549, -0.004876675549894571], [-0.8583211898803711, 0.487181156873703, 0.16105689108371735, 0.02815718948841095], [0.4709683060646057, 0.6234302520751953, 0.6241182088851929, -0.7431358098983765], [0.0, 0.0, 0.0, 1.0]], [[0.02505517192184925, 0.570768415927887, -0.8207286596298218, -0.002132678870111704], [-0.9154796004295349, 0.342898428440094, 0.21051794290542603, 0.03511551022529602], [0.40158361196517944, 0.7460857629776001, 0.5311182141304016, -0.7455752491950989], [0.0, 0.0, 0.0, 1.0]], [[-0.12515327334403992, 0.5420042276382446, -0.8310043215751648, -0.002125250408425927], [-0.9499073624610901, 0.17630763351917267, 0.25805342197418213, 0.045648813247680664], [0.286378413438797, 0.8216733932495117, 0.49278828501701355, -0.7462908029556274], [0.0, 0.0, 0.0, 1.0]], [[-0.21651078760623932, 0.5075335502624512, -0.8339862823486328, -0.00045653339475393295], [-0.9679092168807983, 3.6016106605529785e-05, 0.2513004243373871, 0.05333319306373596], [0.1275734007358551, 0.8616321086883545, 0.491238534450531, -0.7461899518966675], [0.0, 0.0, 0.0, 1.0]], [[-0.30562853813171387, 0.47203195095062256, -0.8269081711769104, -0.00227646273560822], [-0.9490958452224731, -0.220543771982193, 0.22489452362060547, 0.06104789674282074], [-0.07621200382709503, 0.8535492420196533, 0.5154080390930176, -0.7437043786048889], [0.0, 0.0, 0.0, 1.0]], [[-0.3445504307746887, 0.4530101716518402, -0.822232723236084, -0.006563104689121246], [-0.8949456214904785, -0.42298322916030884, 0.14197710156440735, 0.07005374133586884], [-0.28347355127334595, 0.7847719192504883, 0.5511584877967834, -0.7336876392364502], [0.0, 0.0, 0.0, 1.0]], [[-0.34807220101356506, 0.4597854018211365, -0.8169719576835632, -0.01251314952969551], [-0.8128634691238403, -0.582154393196106, 0.018689826130867004, 0.07550716400146484], [-0.467010498046875, 0.6705919504165649, 0.5763744711875916, -0.7196599841117859], [0.0, 0.0, 0.0, 1.0]], [[-0.33254995942115784, 0.49265605211257935, -0.804176926612854, -0.019974123686552048], [-0.720636785030365, -0.682797372341156, -0.12029261887073517, 0.07212768495082855], [-0.6083528399467468, 0.5395162105560303, 0.5820903182029724, -0.7064919471740723], [0.0, 0.0, 0.0, 1.0]], [[-0.30265212059020996, 0.5308256149291992, -0.7915968894958496, -0.025239048525691032], [-0.5842989683151245, -0.7595062851905823, -0.2859106957912445, 0.069825679063797], [-0.7529916167259216, 0.37599778175354004, 0.5400270223617554, -0.6942795515060425], [0.0, 0.0, 0.0, 1.0]], [[-0.2292565107345581, 0.5646036863327026, -0.792883574962616, -0.029179049655795097], [-0.37144654989242554, -0.8036811947822571, -0.46489158272743225, 0.07000988721847534], [-0.8997049927711487, 0.18793439865112305, 0.39396923780441284, -0.6794947385787964], [0.0, 0.0, 0.0, 1.0]], [[-0.0938902199268341, 0.5988782644271851, -0.7953172326087952, -0.03606737405061722], [-0.09595636278390884, -0.8005703687667847, -0.5915060639381409, 0.06296926736831665], [-0.9909476637840271, 0.020779117941856384, 0.13263191282749176, -0.6667210459709167], [0.0, 0.0, 0.0, 1.0]], [[0.13640707731246948, 0.6585237383842468, -0.7400943040847778, -0.04522901028394699], [0.21793147921562195, -0.7487232685089111, -0.6260346174240112, 0.04940950870513916], [-0.9663844704627991, -0.075894296169281, -0.2456442266702652, -0.6588391065597534], [0.0, 0.0, 0.0, 1.0]], [[0.2592300772666931, 0.7381898760795593, -0.6227965950965881, -0.05203450098633766], [0.45719367265701294, -0.661806046962738, -0.5941268801689148, 0.032653823494911194], [-0.8507489562034607, -0.1307229995727539, -0.5090557932853699, -0.6562643647193909], [0.0, 0.0, 0.0, 1.0]], [[0.2471979409456253, 0.7849741578102112, -0.5680745840072632, -0.058139652013778687], [0.592560350894928, -0.5863308906555176, -0.5523479580879211, 0.023740768432617188], [-0.7666585445404053, -0.20007920265197754, -0.6100843548774719, -0.6596472263336182], [0.0, 0.0, 0.0, 1.0]], [[0.14314094185829163, 0.8163373470306396, -0.5595568418502808, -0.049832917749881744], [0.6511172652244568, -0.5034692287445068, -0.5679479837417603, 0.024126574397087097], [-0.7453568577766418, -0.2830405533313751, -0.6035984754562378, -0.6629714369773865], [0.0, 0.0, 0.0, 1.0]], [[0.00967459473758936, 0.8140646815299988, -0.5806936025619507, -0.053288813680410385], [0.7235450744628906, -0.40653669834136963, -0.5578625202178955, 0.02148367464542389], [-0.6902093887329102, -0.41476085782051086, -0.5929455161094666, -0.6625752449035645], [0.0, 0.0, 0.0, 1.0]], [[-0.07784175127744675, 0.7889559268951416, -0.6094990968704224, -0.05134996399283409], [0.8143738508224487, -0.30233901739120483, -0.49536484479904175, 0.016154199838638306], [-0.5750963687896729, -0.5349201560020447, -0.618970513343811, -0.6608713865280151], [0.0, 0.0, 0.0, 1.0]], [[-0.08575037866830826, 0.7890362739562988, -0.6083326935768127, -0.04913421720266342], [0.9176729917526245, -0.1752152442932129, -0.35661739110946655, 0.009266763925552368], [-0.38797321915626526, -0.5888304710388184, -0.7090526223182678, -0.6603385210037231], [0.0, 0.0, 0.0, 1.0]], [[-0.10385696589946747, 0.79682856798172, -0.5952125787734985, -0.045894697308540344], [0.9733018279075623, -0.04173651337623596, -0.22570259869098663, 0.0015129297971725464], [-0.20468837022781372, -0.6027622222900391, -0.7712200880050659, -0.6628696918487549], [0.0, 0.0, 0.0, 1.0]], [[-0.03019343689084053, 0.7868186235427856, -0.6164453029632568, -0.0456261932849884], [0.9994192123413086, 0.01401674747467041, -0.03106077015399933, -0.0017444789409637451], [-0.015798643231391907, -0.6170251369476318, -0.7867848873138428, -0.6674808859825134], [0.0, 0.0, 0.0, 1.0]], [[0.14408233761787415, 0.7591409683227539, -0.6347798705101013, -0.04842837527394295], [0.9730818271636963, 0.007905423641204834, 0.230324387550354, -0.002560645341873169], [0.17986686527729034, -0.650878369808197, -0.7375671863555908, -0.6731358766555786], [0.0, 0.0, 0.0, 1.0]], [[0.3839914798736572, 0.6840448975563049, -0.6201881766319275, -0.04662134498357773], [0.8417237997055054, 0.01676584780216217, 0.5396480560302734, 0.0023365765810012817], [0.37954145669937134, -0.7292472124099731, -0.5693389177322388, -0.6815237998962402], [0.0, 0.0, 0.0, 1.0]], [[0.5695624947547913, 0.619240939617157, -0.5404991507530212, -0.042734891176223755], [0.6260939240455627, 0.09920012950897217, 0.7734118103981018, 0.0028117001056671143], [0.532545804977417, -0.7789095044136047, -0.33120232820510864, -0.6915901899337769], [0.0, 0.0, 0.0, 1.0]], [[0.6513736248016357, 0.5853706002235413, -0.48275625705718994, -0.03759315609931946], [0.43681153655052185, 0.2309357076883316, 0.869404673576355, 0.002859368920326233], [0.6204095482826233, -0.7771807909011841, -0.10527122765779495, -0.7010878920555115], [0.0, 0.0, 0.0, 1.0]], [[0.6796301603317261, 0.5585626363754272, -0.47551101446151733, -0.030494702979922295], [0.3290289044380188, 0.3472418487071991, 0.8781590461730957, 0.002514198422431946], [0.6556239724159241, -0.7532802224159241, 0.05221275985240936, -0.7066860198974609], [0.0, 0.0, 0.0, 1.0]], [[0.7033551335334778, 0.5280978679656982, -0.47581946849823, -0.026208017021417618], [0.23093949258327484, 0.4633028209209442, 0.85558021068573, 0.003454431891441345], [0.6722784638404846, -0.7116622924804688, 0.203907772898674, -0.7101491689682007], [0.0, 0.0, 0.0, 1.0]], [[0.72609943151474, 0.4973597824573517, -0.4747768044471741, -0.022328736260533333], [0.13745984435081482, 0.5715566873550415, 0.8089672327041626, 0.005843862891197205], [0.6737095713615417, -0.6526532769203186, 0.3466399312019348, -0.7136346697807312], [0.0, 0.0, 0.0, 1.0]], [[0.7289592027664185, 0.4965444803237915, -0.4712347388267517, -0.016091706231236458], [0.05250240117311478, 0.6457985043525696, 0.7617006897926331, 0.006083860993385315], [0.6825408339500427, -0.5799896121025085, 0.4446909725666046, -0.7187981009483337], [0.0, 0.0, 0.0, 1.0]], [[0.7318935990333557, 0.5039737224578857, -0.45863088965415955, -0.01086668111383915], [-0.03508727252483368, 0.7000324726104736, 0.713248610496521, 0.0033641457557678223], [0.6805149912834167, -0.5059299468994141, 0.5300322771072388, -0.7196732759475708], [0.0, 0.0, 0.0, 1.0]], [[0.7333568334579468, 0.5218124985694885, -0.43577462434768677, -0.008929128758609295], [-0.13242685794830322, 0.7383584976196289, 0.6612789630889893, 0.003633260726928711], [0.6668215990066528, -0.4272451102733612, 0.610582172870636, -0.7191538214683533], [0.0, 0.0, 0.0, 1.0]], [[0.7309610843658447, 0.558992862701416, -0.39143699407577515, -0.009570218622684479], [-0.23611903190612793, 0.7453436255455017, 0.6234668493270874, 0.007568925619125366], [0.6402685642242432, -0.3633042275905609, 0.6768060326576233, -0.7179134488105774], [0.0, 0.0, 0.0, 1.0]], [[0.7275488376617432, 0.5933576822280884, -0.344382643699646, -0.007166035007685423], [-0.32374081015586853, 0.7395026087760925, 0.5901931524276733, 0.005954548716545105], [0.6048673391342163, -0.31790363788604736, 0.7301182746887207, -0.7173002362251282], [0.0, 0.0, 0.0, 1.0]], [[0.7074984908103943, 0.6264735460281372, -0.3270731270313263, -0.005530120804905891], [-0.39809781312942505, 0.7356821298599243, 0.5479871034622192, 0.00436168909072876], [0.5839213132858276, -0.25749292969703674, 0.7698917388916016, -0.719589352607727], [0.0, 0.0, 0.0, 1.0]], [[0.6544870138168335, 0.6597911715507507, -0.3692185878753662, -0.006004123017191887], [-0.47411149740219116, 0.7385422587394714, 0.4793470799922943, 0.0048149824142456055], [0.5889525413513184, -0.13867563009262085, 0.7961808443069458, -0.7189990878105164], [0.0, 0.0, 0.0, 1.0]], [[0.5274559855461121, 0.7066304087638855, -0.4716603457927704, -0.0022231072653084993], [-0.575272798538208, 0.7055884599685669, 0.41377055644989014, 0.006352931261062622], [0.6251810789108276, 0.05308765172958374, 0.7786720395088196, -0.7231245636940002], [0.0, 0.0, 0.0, 1.0]], [[0.33771732449531555, 0.7373299598693848, -0.5850569009780884, 0.004230258986353874], [-0.7087497115135193, 0.6082221269607544, 0.35740673542022705, 0.01319858431816101], [0.6193712949752808, 0.29395654797554016, 0.7279895544052124, -0.736992359161377], [0.0, 0.0, 0.0, 1.0]], [[0.06347402930259705, 0.71806800365448, -0.6930724382400513, 0.012351684272289276], [-0.8420177102088928, 0.4113159775733948, 0.3490350544452667, 0.022602856159210205], [0.5357027053833008, 0.5614245533943176, 0.630733847618103, -0.7526071071624756], [0.0, 0.0, 0.0, 1.0]], [[-0.12967053055763245, 0.6241641044616699, -0.7704574465751648, 0.019685259088873863], [-0.9382901787757874, 0.17400877177715302, 0.2988855838775635, 0.040072888135910034], [0.32062003016471863, 0.7616691589355469, 0.563083291053772, -0.7596350312232971], [0.0, 0.0, 0.0, 1.0]], [[-0.2550731599330902, 0.498756468296051, -0.8283596038818359, 0.030938047915697098], [-0.9658608436584473, -0.09130670130252838, 0.2424374222755432, 0.057970255613327026], [0.04528242349624634, 0.8619194626808167, 0.5050192475318909, -0.7562251687049866], [0.0, 0.0, 0.0, 1.0]], [[-0.30402883887290955, 0.38290324807167053, -0.8723254203796387, 0.03815595805644989], [-0.9349249601364136, -0.29579800367355347, 0.19600728154182434, 0.06865119934082031], [-0.18298031389713287, 0.8751506805419922, 0.4479169249534607, -0.7454505562782288], [0.0, 0.0, 0.0, 1.0]], [[-0.3096224367618561, 0.3061660826206207, -0.9002201557159424, 0.03749842569231987], [-0.898700475692749, -0.4034801423549652, 0.17187562584877014, 0.07029490172863007], [-0.3105984330177307, 0.8622447848320007, 0.400078147649765, -0.7386131882667542], [0.0, 0.0, 0.0, 1.0]], [[-0.27882903814315796, 0.2988562285900116, -0.9126551151275635, 0.033040717244148254], [-0.8857324123382568, -0.44729021191596985, 0.12413506209850311, 0.06742595136165619], [-0.3711230754852295, 0.842980682849884, 0.3894241750240326, -0.7334995865821838], [0.0, 0.0, 0.0, 1.0]], [[-0.2210133671760559, 0.3251327574253082, -0.9194791913032532, 0.022534912452101707], [-0.8723541498184204, -0.4874477982521057, 0.03732182830572128, 0.06325928866863251], [-0.4360635280609131, 0.8103600740432739, 0.39136338233947754, -0.7291683554649353], [0.0, 0.0, 0.0, 1.0]], [[-0.18494632840156555, 0.37176308035850525, -0.9097181558609009, 0.012609817087650299], [-0.8052509427070618, -0.5879694223403931, -0.07656995207071304, 0.06600843369960785], [-0.5633522272109985, 0.7183901071548462, 0.4081053137779236, -0.7211271524429321], [0.0, 0.0, 0.0, 1.0]], [[-0.17574921250343323, 0.40784433484077454, -0.8959773182868958, 0.010062678717076778], [-0.659795880317688, -0.7242683172225952, -0.2002619206905365, 0.07386046648025513], [-0.7306035757064819, 0.5559662580490112, 0.3963835835456848, -0.7059371471405029], [0.0, 0.0, 0.0, 1.0]], [[-0.19356538355350494, 0.44673609733581543, -0.8734753727912903, 0.006172481924295425], [-0.5023708343505859, -0.8098695278167725, -0.30287784337997437, 0.07532253861427307], [-0.8427075743675232, 0.38018184900283813, 0.38118988275527954, -0.6878653764724731], [0.0, 0.0, 0.0, 1.0]], [[-0.16042722761631012, 0.5181488990783691, -0.8401100039482117, -0.00132631859742105], [-0.309576153755188, -0.8346014022827148, -0.45563486218452454, 0.06754069030284882], [-0.9372437000274658, 0.18698178231716156, 0.29429933428764343, -0.6793409585952759], [0.0, 0.0, 0.0, 1.0]], [[-0.05688582360744476, 0.6178259253501892, -0.7842544913291931, -0.010241856798529625], [-0.12075787037611008, -0.7840171456336975, -0.6088798642158508, 0.058715686202049255], [-0.9910507798194885, 0.0600682869553566, 0.11920683085918427, -0.6710143685340881], [0.0, 0.0, 0.0, 1.0]], [[0.08927743136882782, 0.7268859148025513, -0.6809306144714355, -0.019932003691792488], [0.12855128943920135, -0.6863516569137573, -0.7158185243606567, 0.04965466260910034], [-0.987676203250885, -0.02362804114818573, -0.1547178477048874, -0.6660878658294678], [0.0, 0.0, 0.0, 1.0]], [[0.1885751187801361, 0.7721887826919556, -0.6067652106285095, -0.027488863095641136], [0.3445409834384918, -0.630598247051239, -0.6954404711723328, 0.04061684012413025], [-0.9196363687515259, -0.07791265100240707, -0.38496583700180054, -0.6648381352424622], [0.0, 0.0, 0.0, 1.0]], [[0.2256031334400177, 0.7828236222267151, -0.5799055695533752, -0.026963360607624054], [0.49725762009620667, -0.6044018864631653, -0.6224413514137268, 0.03468729555606842], [-0.8377577662467957, -0.14793772995471954, -0.5256199240684509, -0.6638659238815308], [0.0, 0.0, 0.0, 1.0]], [[0.17500460147857666, 0.7773396372795105, -0.6042487025260925, -0.021790461614727974], [0.5799485445022583, -0.5773376226425171, -0.5747530460357666, 0.034397318959236145], [-0.7956337928771973, -0.24984872341156006, -0.5518536567687988, -0.6623424291610718], [0.0, 0.0, 0.0, 1.0]], [[0.06297068297863007, 0.746447741985321, -0.6624579429626465, -0.017532452940940857], [0.646445631980896, -0.5362164378166199, -0.542752206325531, 0.030928045511245728], [-0.7603570222854614, -0.3940655589103699, -0.5163037776947021, -0.6581403613090515], [0.0, 0.0, 0.0, 1.0]], [[-0.06203325092792511, 0.7032887935638428, -0.708192765712738, -0.016478892415761948], [0.7075653076171875, -0.4694482982158661, -0.5281758308410645, 0.02920404076576233], [-0.7039198875427246, -0.5338570475578308, -0.4685012698173523, -0.6520174145698547], [0.0, 0.0, 0.0, 1.0]], [[-0.1537189781665802, 0.6701031923294067, -0.7261765003204346, -0.011218966916203499], [0.7690033912658691, -0.38035768270492554, -0.5137722492218018, 0.024145692586898804], [-0.6204872131347656, -0.6374086737632751, -0.45684337615966797, -0.64863121509552], [0.0, 0.0, 0.0, 1.0]], [[-0.26691168546676636, 0.628738522529602, -0.7303739190101624, -0.004185648635029793], [0.7862162590026855, -0.29622554779052734, -0.5423232316970825, 0.018691852688789368], [-0.5573348999023438, -0.7189841866493225, -0.41525834798812866, -0.6474348902702332], [0.0, 0.0, 0.0, 1.0]], [[-0.3516865670681, 0.594360888004303, -0.7232230305671692, -8.919183164834976e-05], [0.8003389239311218, -0.2098311483860016, -0.561630129814148, 0.015266075730323792], [-0.4855656921863556, -0.776341438293457, -0.4018953740596771, -0.6455298066139221], [0.0, 0.0, 0.0, 1.0]], [[-0.40709188580513, 0.569079577922821, -0.7144400477409363, 0.003618683200329542], [0.8150661587715149, -0.1266937553882599, -0.5653457641601562, 0.012804880738258362], [-0.4122418463230133, -0.812463641166687, -0.4122614860534668, -0.645656943321228], [0.0, 0.0, 0.0, 1.0]], [[-0.4826529026031494, 0.5477139353752136, -0.68341463804245, 0.007828246802091599], [0.804194450378418, -0.031890153884887695, -0.593510091304779, 0.013520598411560059], [-0.34686797857284546, -0.8360576629638672, -0.4250766336917877, -0.6465033292770386], [0.0, 0.0, 0.0, 1.0]], [[-0.5550281405448914, 0.5154982805252075, -0.6528440117835999, 0.009474712423980236], [0.7908229231834412, 0.08361950516700745, -0.6063059568405151, 0.013023629784584045], [-0.25795918703079224, -0.8528007864952087, -0.4540789723396301, -0.6446380615234375], [0.0, 0.0, 0.0, 1.0]], [[-0.6659743189811707, 0.42101243138313293, -0.6158139109611511, 0.011752961203455925], [0.7328288555145264, 0.2149435132741928, -0.6455703973770142, 0.013268396258354187], [-0.13942794501781464, -0.8812195658683777, -0.4516768455505371, -0.6456162333488464], [0.0, 0.0, 0.0, 1.0]], [[-0.7937895655632019, 0.23885025084018707, -0.5593286752700806, 0.015366011299192905], [0.6080363988876343, 0.29082801938056946, -0.7387223243713379, 0.015308290719985962], [-0.013775579631328583, -0.9264823794364929, -0.37608587741851807, -0.6477996706962585], [0.0, 0.0, 0.0, 1.0]], [[-0.8700253963470459, -0.01603844203054905, -0.49274587631225586, 0.015410350635647774], [0.464514821767807, 0.30818402767181396, -0.8302099108695984, 0.016415178775787354], [0.16517168283462524, -0.9511916041374207, -0.2606777846813202, -0.6511737704277039], [0.0, 0.0, 0.0, 1.0]], [[-0.8863013982772827, -0.2786068022251129, -0.3699299991130829, 0.016959235072135925], [0.30594760179519653, 0.2474079132080078, -0.9193397760391235, 0.017338499426841736], [0.3476578891277313, -0.9279911518096924, -0.13403889536857605, -0.6589705944061279], [0.0, 0.0, 0.0, 1.0]], [[-0.823944091796875, -0.5281292796134949, -0.2054160237312317, 0.01789858192205429], [0.15213389694690704, 0.1430293768644333, -0.9779561161994934, 0.017318621277809143], [0.5458676815032959, -0.8370317220687866, -0.03750184178352356, -0.6691635847091675], [0.0, 0.0, 0.0, 1.0]], [[-0.6568042635917664, -0.7446767687797546, -0.11859428882598877, 0.019187573343515396], [0.055988602340221405, 0.10867956280708313, -0.9924988746643066, 0.01771928369998932], [0.7519797682762146, -0.6585173606872559, -0.029687806963920593, -0.6792913675308228], [0.0, 0.0, 0.0, 1.0]], [[-0.4799155592918396, -0.8716655373573303, -0.09939993917942047, 0.02061556838452816], [-0.02822968363761902, 0.12858453392982483, -0.9912967085838318, 0.017620429396629333], [0.8768603801727295, -0.47293269634246826, -0.08631652593612671, -0.6924054622650146], [0.0, 0.0, 0.0, 1.0]], [[-0.3718239963054657, -0.9190769791603088, -0.1305539608001709, 0.016391310840845108], [-0.09820865094661713, 0.17879362404346466, -0.9789729118347168, 0.017299368977546692], [0.9230937957763672, -0.35118407011032104, -0.15674108266830444, -0.6996991634368896], [0.0, 0.0, 0.0, 1.0]], [[-0.3626756966114044, -0.912857711315155, -0.18750254809856415, 0.019712090492248535], [-0.12845219671726227, 0.24824851751327515, -0.9601420760154724, 0.018523186445236206], [0.9230203032493591, -0.32413506507873535, -0.20729227364063263, -0.7084200382232666], [0.0, 0.0, 0.0, 1.0]], [[-0.4083891212940216, -0.8808196783065796, -0.23953086137771606, 0.021437175571918488], [-0.1103082001209259, 0.30811020731925964, -0.9449338912963867, 0.017773792147636414], [0.9061183333396912, -0.3594784736633301, -0.22299045324325562, -0.7129267454147339], [0.0, 0.0, 0.0, 1.0]], [[-0.4337616264820099, -0.8749389052391052, -0.21525046229362488, 0.019377578049898148], [-0.15248139202594757, 0.3067290186882019, -0.9395034909248352, 0.01918034255504608], [0.8880316615104675, -0.37469884753227234, -0.2664591670036316, -0.7137584090232849], [0.0, 0.0, 0.0, 1.0]], [[-0.4182385504245758, -0.9006061553955078, -0.11825848370790482, 0.017951086163520813], [-0.3000979423522949, 0.2598838806152344, -0.9178244471549988, 0.023085683584213257], [0.8573318719863892, -0.3483803868293762, -0.37896350026130676, -0.7127134203910828], [0.0, 0.0, 0.0, 1.0]], [[-0.38289326429367065, -0.9232253432273865, -0.03236871957778931, 0.017265360802412033], [-0.467692494392395, 0.22394661605358124, -0.8550507426261902, 0.02816396951675415], [0.7966533899307251, -0.31225457787513733, -0.5175331234931946, -0.7108927369117737], [0.0, 0.0, 0.0, 1.0]], [[-0.35497429966926575, -0.9298913478851318, 0.096412792801857, 0.01679496094584465], [-0.6894366145133972, 0.19073258340358734, -0.6987834572792053, 0.036210596561431885], [0.6314035654067993, -0.3145206570625305, -0.7088062763214111, -0.7077639698982239], [0.0, 0.0, 0.0, 1.0]], [[-0.3348340690135956, -0.9313649535179138, 0.14298804104328156, 0.018502919003367424], [-0.8393099904060364, 0.2258157730102539, -0.49453607201576233, 0.04534903168678284], [0.4283045530319214, -0.28559887409210205, -0.8573147654533386, -0.7024365067481995], [0.0, 0.0, 0.0, 1.0]], [[-0.3400695323944092, -0.9162192940711975, 0.2118842899799347, 0.02170250192284584], [-0.9211967587471008, 0.279258131980896, -0.2709459662437439, 0.0566972941160202], [0.1890754997730255, -0.28732752799987793, -0.9389853477478027, -0.6963132619857788], [0.0, 0.0, 0.0, 1.0]], [[-0.34074345231056213, -0.8893976211547852, 0.30473896861076355, 0.02602021023631096], [-0.9392021894454956, 0.3366192579269409, -0.06772573292255402, 0.06636779010295868], [-0.042345911264419556, -0.3092886209487915, -0.9500249624252319, -0.6926568746566772], [0.0, 0.0, 0.0, 1.0]], [[-0.27715662121772766, -0.8705301284790039, 0.40664657950401306, 0.030737565830349922], [-0.9215179681777954, 0.36065301299095154, 0.14399388432502747, 0.07199472188949585], [-0.27200931310653687, -0.3348231911659241, -0.9021666049957275, -0.6877439618110657], [0.0, 0.0, 0.0, 1.0]], [[-0.1932297646999359, -0.8656123280525208, 0.46192821860313416, 0.028820285573601723], [-0.8836992383003235, 0.35810351371765137, 0.3013927638530731, 0.07096394896507263], [-0.4263073801994324, -0.3499675393104553, -0.8341371417045593, -0.6797053813934326], [0.0, 0.0, 0.0, 1.0]], [[-0.0786147192120552, -0.8732912540435791, 0.4808140993118286, 0.025490637868642807], [-0.8433289527893066, 0.31545573472976685, 0.43506765365600586, 0.06420989334583282], [-0.5316163301467896, -0.3712817430496216, -0.7612712383270264, -0.6795028448104858], [0.0, 0.0, 0.0, 1.0]], [[-0.03403220325708389, -0.8955639600753784, 0.4436292350292206, 0.0229786466807127], [-0.8081184029579163, 0.28583091497421265, 0.5150197744369507, 0.05948539078235626], [-0.5880361199378967, -0.34097766876220703, -0.7334492206573486, -0.6772043704986572], [0.0, 0.0, 0.0, 1.0]], [[-0.03477874770760536, -0.9097477793693542, 0.41370201110839844, 0.020922640338540077], [-0.7693815231323242, 0.28856873512268066, 0.5698949098587036, 0.05467034876346588], [-0.637842059135437, -0.2984744608402252, -0.709979236125946, -0.6729195713996887], [0.0, 0.0, 0.0, 1.0]], [[-0.029734086245298386, -0.9050967693328857, 0.42416468262672424, 0.01909288391470909], [-0.7158423662185669, 0.3154531419277191, 0.6229438185691833, 0.049850717186927795], [-0.6976285576820374, -0.2851123809814453, -0.6572862863540649, -0.6708101630210876], [0.0, 0.0, 0.0, 1.0]], [[0.015927232801914215, -0.8900126814842224, 0.4556575119495392, 0.014302052557468414], [-0.6245112419128418, 0.3470369577407837, 0.6996793746948242, 0.04325106739997864], [-0.7808535099029541, -0.295707106590271, -0.5502955913543701, -0.6729990243911743], [0.0, 0.0, 0.0, 1.0]], [[0.06404805183410645, -0.8707665801048279, 0.48750749230384827, 0.009153543971478939], [-0.5010566711425781, 0.3944125771522522, 0.7703123092651367, 0.036190688610076904], [-0.8630411624908447, -0.29360583424568176, -0.4110420048236847, -0.6722326278686523], [0.0, 0.0, 0.0, 1.0]], [[0.12060832232236862, -0.8414856791496277, 0.5266454815864563, 0.00423571327701211], [-0.3603551387786865, 0.4572176933288574, 0.8130781650543213, 0.030153930187225342], [-0.9249852895736694, -0.28784340620040894, -0.24808940291404724, -0.6702966094017029], [0.0, 0.0, 0.0, 1.0]], [[0.1972995549440384, -0.7947087287902832, 0.5740304589271545, 0.000739433104172349], [-0.2452870011329651, 0.5268981456756592, 0.8137645125389099, 0.025325030088424683], [-0.9491613507270813, -0.30135756731033325, -0.09097494184970856, -0.6728408336639404], [0.0, 0.0, 0.0, 1.0]], [[0.30074962973594666, -0.7405988574028015, 0.6008852124214172, -0.003952542319893837], [-0.14298388361930847, 0.5879188776016235, 0.7961826920509338, 0.019789278507232666], [-0.9429237842559814, -0.3253685534000397, 0.07092273235321045, -0.67740398645401], [0.0, 0.0, 0.0, 1.0]], [[0.4025121033191681, -0.6874617338180542, 0.6044670343399048, -0.0092704426497221], [-0.01674295961856842, 0.6546812653541565, 0.7557197213172913, 0.014924809336662292], [-0.9152615666389465, -0.3143068552017212, 0.25200700759887695, -0.6814619302749634], [0.0, 0.0, 0.0, 1.0]], [[0.45592546463012695, -0.6638993620872498, 0.5927644371986389, -0.012457413598895073], [0.12074054777622223, 0.705994188785553, 0.6978495717048645, 0.01081123948097229], [-0.8817901015281677, -0.24659663438796997, 0.4020402729511261, -0.6818995475769043], [0.0, 0.0, 0.0, 1.0]], [[0.4522736966609955, -0.6633529663085938, 0.5961637496948242, -0.01410849392414093], [0.219965860247612, 0.7307509779930115, 0.6462337374687195, 0.006234064698219299], [-0.8643283843994141, -0.1611388772726059, 0.4764145612716675, -0.6839131712913513], [0.0, 0.0, 0.0, 1.0]], [[0.40788403153419495, -0.6566462516784668, 0.6343866586685181, -0.009954355657100677], [0.27620089054107666, 0.7509974837303162, 0.5997632741928101, 0.0058327317237854], [-0.8702549934387207, -0.0694156363606453, 0.4876862168312073, -0.6834496855735779], [0.0, 0.0, 0.0, 1.0]], [[0.34005454182624817, -0.6602187752723694, 0.6696820259094238, -0.004550166893750429], [0.31103652715682983, 0.751003623008728, 0.5824515223503113, 0.005263134837150574], [-0.8874791860580444, 0.010230258107185364, 0.4607343375682831, -0.6843377351760864], [0.0, 0.0, 0.0, 1.0]], [[0.25269854068756104, -0.667399525642395, 0.7005151510238647, -0.0007470150012522936], [0.3249667286872864, 0.7404989004135132, 0.5882670879364014, 0.004953339695930481], [-0.9113397598266602, 0.07898986339569092, 0.40400558710098267, -0.6860054135322571], [0.0, 0.0, 0.0, 1.0]], [[0.2027127891778946, -0.6810755133628845, 0.7035934329032898, 0.0040493616834282875], [0.3795078992843628, 0.7169983983039856, 0.5847111940383911, 0.0030546188354492188], [-0.9027078747749329, 0.1484908014535904, 0.403818279504776, -0.686102032661438], [0.0, 0.0, 0.0, 1.0]], [[0.1620282679796219, -0.6918294429779053, 0.7036469578742981, 0.008757618255913258], [0.43853551149368286, 0.6892684102058411, 0.5767111778259277, 0.0011007040739059448], [-0.883987307548523, 0.21513064205646515, 0.4150727391242981, -0.6869078278541565], [0.0, 0.0, 0.0, 1.0]], [[0.12117666006088257, -0.6945971250534058, 0.7091200351715088, 0.0126589834690094], [0.5025205612182617, 0.6590020656585693, 0.5596333742141724, -0.002178087830543518], [-0.8560312390327454, 0.2885328531265259, 0.42890501022338867, -0.6866527795791626], [0.0, 0.0, 0.0, 1.0]], [[0.1413184553384781, -0.6781607866287231, 0.7211984395980835, 0.01453523151576519], [0.5886351466178894, 0.6432986259460449, 0.4895668923854828, -0.006589755415916443], [-0.7959508895874023, 0.35533788800239563, 0.4900992214679718, -0.6867139339447021], [0.0, 0.0, 0.0, 1.0]], [[0.1920403391122818, -0.6579747200012207, 0.7281413078308105, 0.014930876903235912], [0.6658524870872498, 0.6324079632759094, 0.3958543539047241, -0.009339496493339539], [-0.7209445238113403, 0.4088147282600403, 0.5595619678497314, -0.6891354322433472], [0.0, 0.0, 0.0, 1.0]], [[0.24533939361572266, -0.6298210620880127, 0.7369762659072876, 0.010732846334576607], [0.717145562171936, 0.6294385194778442, 0.29918140172958374, -0.010455474257469177], [-0.6523119807243347, 0.45511817932128906, 0.6060994863510132, -0.6941446661949158], [0.0, 0.0, 0.0, 1.0]], [[0.2955723702907562, -0.5838806629180908, 0.7561218738555908, 0.009831465780735016], [0.7406870126724243, 0.63993239402771, 0.20461997389793396, -0.010554835200309753], [-0.6033405661582947, 0.49956953525543213, 0.6216191649436951, -0.69734126329422], [0.0, 0.0, 0.0, 1.0]], [[0.32379263639450073, -0.5489481091499329, 0.7705935835838318, 0.01060557086020708], [0.7696667909622192, 0.6265050768852234, 0.12290051579475403, -0.011438354849815369], [-0.5502467155456543, 0.5533059239387512, 0.6253648400306702, -0.6983236074447632], [0.0, 0.0, 0.0, 1.0]], [[0.3415074348449707, -0.5350555181503296, 0.7727147936820984, 0.010153692215681076], [0.8036854863166809, 0.5925003290176392, 0.055073417723178864, -0.011717692017555237], [-0.48730114102363586, 0.602211594581604, 0.6323596239089966, -0.7019571661949158], [0.0, 0.0, 0.0, 1.0]], [[0.3855246901512146, -0.5181225538253784, 0.7634918093681335, 0.009322330355644226], [0.8308279514312744, 0.5548672676086426, -0.04298073798418045, -0.011086985468864441], [-0.40136733651161194, 0.6509004831314087, 0.6443856954574585, -0.7077307105064392], [0.0, 0.0, 0.0, 1.0]], [[0.41198256611824036, -0.5028482675552368, 0.759877622127533, 0.010392897762358189], [0.8542811274528503, 0.5032581686973572, -0.13013477623462677, -0.010682329535484314], [-0.31697648763656616, 0.7027624249458313, 0.6369073987007141, -0.7122854590415955], [0.0, 0.0, 0.0, 1.0]], [[0.405197411775589, -0.4892899692058563, 0.7722760438919067, 0.01048191823065281], [0.8783043026924133, 0.4428115487098694, -0.18027657270431519, -0.007901415228843689], [-0.2537652254104614, 0.751340925693512, 0.6091715693473816, -0.7158829569816589], [0.0, 0.0, 0.0, 1.0]], [[0.3863103985786438, -0.4816361963748932, 0.7866325378417969, 0.010304161347448826], [0.9041598439216614, 0.36636242270469666, -0.21971242129802704, -0.003712400794029236], [-0.182371124625206, 0.7961187958717346, 0.5770056843757629, -0.721251368522644], [0.0, 0.0, 0.0, 1.0]], [[0.38065922260284424, -0.46878328919410706, 0.7970826625823975, 0.0097707100212574], [0.9208108186721802, 0.2712884545326233, -0.2801963686943054, -0.0001214742660522461], [-0.08488797396421432, 0.8406216502189636, 0.5349292159080505, -0.726012110710144], [0.0, 0.0, 0.0, 1.0]], [[0.3819342851638794, -0.47881194949150085, 0.7904841899871826, 0.012860359624028206], [0.9222818613052368, 0.1425403207540512, -0.3592747449874878, 0.000964626669883728], [0.05934914946556091, 0.8662686347961426, 0.4960406422615051, -0.7302451729774475], [0.0, 0.0, 0.0, 1.0]], [[0.38075965642929077, -0.5122494697570801, 0.7698196768760681, 0.017290761694312096], [0.8948577642440796, -0.005578488111495972, -0.44631659984588623, 0.0003361552953720093], [0.23291991651058197, 0.8588184714317322, 0.4562664330005646, -0.7310215830802917], [0.0, 0.0, 0.0, 1.0]], [[0.36062803864479065, -0.5433873534202576, 0.7580750584602356, 0.019999513402581215], [0.8599903583526611, -0.1209108978509903, -0.49577948451042175, 0.0010692626237869263], [0.3610597848892212, 0.8307291269302368, 0.4237039089202881, -0.7287251949310303], [0.0, 0.0, 0.0, 1.0]], [[0.36171287298202515, -0.5400586724281311, 0.7599344253540039, 0.020950207486748695], [0.8213672041893005, -0.20101326704025269, -0.5338066220283508, 0.0030693113803863525], [0.44104376435279846, 0.817270040512085, 0.37087738513946533, -0.7264931797981262], [0.0, 0.0, 0.0, 1.0]], [[0.3738340437412262, -0.5306488275527954, 0.760697066783905, 0.023581165820360184], [0.7621803283691406, -0.2915942668914795, -0.5779739618301392, 0.0031866878271102905], [0.5285159945487976, 0.7958547472953796, 0.29544222354888916, -0.7284322381019592], [0.0, 0.0, 0.0, 1.0]], [[0.3887019157409668, -0.5057169198989868, 0.770169734954834, 0.02637951634824276], [0.6865259408950806, -0.3985176682472229, -0.6081660389900208, 0.0018954277038574219], [0.614486038684845, 0.7651366591453552, 0.19228322803974152, -0.7309715151786804], [0.0, 0.0, 0.0, 1.0]], [[0.44222912192344666, -0.4451424181461334, 0.778640866279602, 0.025943581014871597], [0.579878568649292, -0.5203904509544373, -0.6268449425697327, 0.0035347789525985718], [0.6842325329780579, 0.7287262678146362, 0.027996763586997986, -0.7335102558135986], [0.0, 0.0, 0.0, 1.0]], [[0.5519744157791138, -0.3384985625743866, 0.7620649933815002, 0.023416072130203247], [0.40652215480804443, -0.6886995434761047, -0.6003604531288147, 0.007837638258934021], [0.7280550003051758, 0.6411798596382141, -0.24253734946250916, -0.7364395260810852], [0.0, 0.0, 0.0, 1.0]], [[0.6817378997802734, -0.23374661803245544, 0.6932503581047058, 0.02242119610309601], [0.2256421148777008, -0.8342097997665405, -0.503169596195221, 0.00860595703125], [0.695930540561676, 0.49945616722106934, -0.5159693360328674, -0.7383372783660889], [0.0, 0.0, 0.0, 1.0]], [[0.7735764980316162, -0.16649086773395538, 0.6114413142204285, 0.021137338131666183], [0.10253919661045074, -0.9192691445350647, -0.3800395131111145, 0.009462296962738037], [0.6253522038459778, 0.3566862642765045, -0.6940531134605408, -0.7382121682167053], [0.0, 0.0, 0.0, 1.0]], [[0.8140829205513, -0.1357661932706833, 0.5646560192108154, 0.020765051245689392], [0.027598410844802856, -0.9621473550796509, -0.27112871408462524, 0.010494217276573181], [0.5800924301147461, 0.2363048791885376, -0.7795207500457764, -0.7371931672096252], [0.0, 0.0, 0.0, 1.0]], [[0.7824006676673889, -0.14048434793949127, 0.6067235469818115, 0.019843358546495438], [-0.024306856095790863, -0.9803712964057922, -0.19565604627132416, 0.011239245533943176], [0.622300922870636, 0.13833387196063995, -0.7704578638076782, -0.7372086644172668], [0.0, 0.0, 0.0, 1.0]], [[0.7364324331283569, -0.14444364607334137, 0.6609110832214355, 0.019622230902314186], [-0.0867723822593689, -0.9890387654304504, -0.1194690465927124, 0.012588098645210266], [0.6709232926368713, 0.03063206374645233, -0.7408939003944397, -0.737836480140686], [0.0, 0.0, 0.0, 1.0]], [[0.6979975700378418, -0.15398009121418, 0.6993493437767029, 0.02024739235639572], [-0.18298298120498657, -0.9825382232666016, -0.033702269196510315, 0.01444748044013977], [0.6923269629478455, -0.10444489121437073, -0.713985025882721, -0.736885130405426], [0.0, 0.0, 0.0, 1.0]], [[0.6580309271812439, -0.1436290144920349, 0.7391658425331116, 0.019335966557264328], [-0.26544731855392456, -0.9628685712814331, 0.04921315610408783, 0.014560461044311523], [0.7046510577201843, -0.2285933643579483, -0.6717231869697571, -0.7370237112045288], [0.0, 0.0, 0.0, 1.0]], [[0.6419028639793396, -0.09271636605262756, 0.7611598968505859, 0.01940075308084488], [-0.33589181303977966, -0.9263538718223572, 0.17042642831802368, 0.013993754982948303], [0.6893020868301392, -0.36506468057632446, -0.6257718801498413, -0.7392880320549011], [0.0, 0.0, 0.0, 1.0]], [[0.6640801429748535, -0.0021560639142990112, 0.7476584911346436, 0.019381597638130188], [-0.3967228829860687, -0.848623514175415, 0.3499273359775543, 0.016090497374534607], [0.6337260603904724, -0.5289928913116455, -0.5644093155860901, -0.7418056130409241], [0.0, 0.0, 0.0, 1.0]], [[0.6698979735374451, 0.0765262246131897, 0.7384987473487854, 0.018564708530902863], [-0.4523029625415802, -0.7467284202575684, 0.4876665771007538, 0.016968101263046265], [0.5887773633003235, -0.6607120037078857, -0.4656188488006592, -0.7413523197174072], [0.0, 0.0, 0.0, 1.0]], [[0.658525288105011, 0.12120689451694489, 0.7427337765693665, 0.018237780779600143], [-0.5208016037940979, -0.6390347480773926, 0.5660392045974731, 0.017929211258888245], [0.543240487575531, -0.7595679759979248, -0.3576957881450653, -0.7391634583473206], [0.0, 0.0, 0.0, 1.0]], [[0.6165669560432434, 0.13123534619808197, 0.7762876749038696, 0.018060248345136642], [-0.6040582656860352, -0.553520143032074, 0.5733489990234375, 0.019076094031333923], [0.5049344897270203, -0.8224309682846069, -0.2620084285736084, -0.7345440983772278], [0.0, 0.0, 0.0, 1.0]], [[0.5614073276519775, 0.09927601367235184, 0.821563184261322, 0.01741396076977253], [-0.6974409222602844, -0.47759634256362915, 0.5343013405799866, 0.019229590892791748], [0.4454188346862793, -0.8729525208473206, -0.1988869309425354, -0.7309004068374634], [0.0, 0.0, 0.0, 1.0]], [[0.5209649205207825, 0.04405437037348747, 0.8524404764175415, 0.0162560623139143], [-0.7817337512969971, -0.37640291452407837, 0.4972054362297058, 0.018954560160636902], [0.3427651524543762, -0.925408124923706, -0.16165390610694885, -0.7261193990707397], [0.0, 0.0, 0.0, 1.0]], [[0.5057289600372314, -0.021756093949079514, 0.8624181151390076, 0.012630133889615536], [-0.8368422985076904, -0.25525763630867004, 0.48429179191589355, 0.020462751388549805], [0.20960251986980438, -0.9666282534599304, -0.14729759097099304, -0.7211534976959229], [0.0, 0.0, 0.0, 1.0]], [[0.5342334508895874, -0.05701228976249695, 0.8434123992919922, 0.007609853520989418], [-0.8440678715705872, -0.0906297042965889, 0.5285223126411438, 0.023185759782791138], [0.04630594700574875, -0.9942514300346375, -0.09653965383768082, -0.716091513633728], [0.0, 0.0, 0.0, 1.0]], [[0.5805249810218811, -0.06275879591703415, 0.8118202090263367, 0.003714681835845113], [-0.8066999316215515, 0.0910625010728836, 0.5839031934738159, 0.024279817938804626], [-0.11057145893573761, -0.9938656687736511, 0.0022365227341651917, -0.711716890335083], [0.0, 0.0, 0.0, 1.0]], [[0.5937873125076294, -0.07729417830705643, 0.800900936126709, 0.00023062806576490402], [-0.7682470679283142, 0.24143630266189575, 0.5928786396980286, 0.023932084441184998], [-0.23919260501861572, -0.9673335552215576, 0.08398076146841049, -0.7087405920028687], [0.0, 0.0, 0.0, 1.0]], [[0.5685223937034607, -0.10631564259529114, 0.8157692551612854, -0.002007114002481103], [-0.7411443591117859, 0.364189088344574, 0.5639783143997192, 0.0235489159822464], [-0.3570539653301239, -0.9252368807792664, 0.12825439870357513, -0.7072979807853699], [0.0, 0.0, 0.0, 1.0]], [[0.4718157947063446, -0.15146535634994507, 0.8685896992683411, -0.00313084339722991], [-0.7338466644287109, 0.4786069989204407, 0.48208358883857727, 0.021749049425125122], [-0.4887319505214691, -0.864866316318512, 0.11466200649738312, -0.7078997492790222], [0.0, 0.0, 0.0, 1.0]], [[0.34289121627807617, -0.18660804629325867, 0.9206537008285522, -0.0027730276342481375], [-0.720500111579895, 0.5766153931617737, 0.3852200210094452, 0.01940038800239563], [-0.6027481555938721, -0.7954195737838745, 0.06326524913311005, -0.7084929347038269], [0.0, 0.0, 0.0, 1.0]], [[0.23019157350063324, -0.19016411900520325, 0.9543842673301697, -0.0014762897044420242], [-0.6726371049880981, 0.6776407361030579, 0.2972579896450043, 0.015910327434539795], [-0.7032575607299805, -0.710380494594574, 0.028075754642486572, -0.7080938816070557], [0.0, 0.0, 0.0, 1.0]], [[0.2033410221338272, -0.1352580040693283, 0.9697204232215881, -0.001516374060884118], [-0.609849214553833, 0.7573343515396118, 0.23351359367370605, 0.01397038996219635], [-0.7659871578216553, -0.6388660669326782, 0.07151016592979431, -0.7109555006027222], [0.0, 0.0, 0.0, 1.0]], [[0.19352608919143677, -0.033889900892972946, 0.980509638