{"object_poses": [[[0.9999241232872009, 0.007363462820649147, 0.009870857000350952, 0.10425553470849991], [0.007568202912807465, -0.9997537136077881, -0.020867004990577698, 0.09404246509075165], [0.009714755229651928, 0.020940139889717102, -0.9997336864471436, -0.8517612814903259], [0.0, 0.0, 0.0, 1.0]], [[0.9999122619628906, 0.006862286478281021, 0.011328384280204773, 0.10408052802085876], [0.007111217826604843, -0.9997309446334839, -0.022082403302192688, 0.09421584010124207], [0.011173807084560394, 0.022161021828651428, -0.9996920228004456, -0.8518978953361511], [0.0, 0.0, 0.0, 1.0]], [[0.9999009370803833, 0.008244315162301064, 0.011413338594138622, 0.10375512391328812], [0.008494138717651367, -0.9997215867042542, -0.02201630175113678, 0.09417140483856201], [0.011228660121560097, 0.022111058235168457, -0.9996926188468933, -0.8520303964614868], [0.0, 0.0, 0.0, 1.0]], [[0.9997894167900085, 0.01156778633594513, 0.016943881288170815, 0.10326727479696274], [0.011944059282541275, -0.9996805787086487, -0.02227674424648285, 0.0941559374332428], [0.016680769622325897, 0.022474437952041626, -0.9996082782745361, -0.8523150086402893], [0.0, 0.0, 0.0, 1.0]], [[0.9996973276138306, 0.016816159710288048, 0.01795974373817444, 0.10281198471784592], [0.017101366072893143, -0.999728262424469, -0.015846669673919678, 0.09459653496742249], [0.01768837869167328, 0.016149014234542847, -0.999713122844696, -0.852163553237915], [0.0, 0.0, 0.0, 1.0]], [[0.9996944069862366, 0.02062460221350193, 0.01362873800098896, 0.10247346758842468], [0.020750030875205994, -0.9997429847717285, -0.009126514196395874, 0.09516939520835876], [0.01343702245503664, 0.00940653681755066, -0.9998654723167419, -0.851828932762146], [0.0, 0.0, 0.0, 1.0]], [[0.9997518658638, 0.02138639986515045, 0.006248132325708866, 0.10211636126041412], [0.02142513543367386, -0.9997513294219971, -0.006199344992637634, 0.095601886510849], [0.006114039104431868, 0.0063316673040390015, -0.9999613761901855, -0.8515515923500061], [0.0, 0.0, 0.0, 1.0]], [[0.9997403025627136, 0.022515730932354927, 0.0035214608069509268, 0.10141681134700775], [0.02254418656229973, -0.9997118711471558, -0.008259594440460205, 0.0958242118358612], [0.00333448126912117, 0.008336827158927917, -0.9999598264694214, -0.8515776991844177], [0.0, 0.0, 0.0, 1.0]], [[0.9996650815010071, 0.025116896256804466, 0.006226710043847561, 0.1005510464310646], [0.025175895541906357, -0.9996371865272522, -0.009587451815605164, 0.09578584134578705], [0.0059836748987436295, 0.009741008281707764, -0.9999346733093262, -0.8518063426017761], [0.0, 0.0, 0.0, 1.0]], [[0.9996530413627625, 0.024410316720604897, 0.009895004332065582, 0.09990091621875763], [0.02455282211303711, -0.9995927214622498, -0.014545738697052002, 0.0956164002418518], [0.00953588169068098, 0.014783650636672974, -0.9998452067375183, -0.8521217703819275], [0.0, 0.0, 0.0, 1.0]], [[0.9996488094329834, 0.025111397728323936, 0.00846552662551403, 0.09930137544870377], [0.025258682668209076, -0.9995231628417969, -0.01776568591594696, 0.0954444408416748], [0.008015351369976997, 0.01797325909137726, -0.9998064041137695, -0.8525812029838562], [0.0, 0.0, 0.0, 1.0]], [[0.9996180534362793, 0.026816267520189285, 0.006689391564577818, 0.09885936975479126], [0.026939425617456436, -0.999455451965332, -0.01905551552772522, 0.09499122202396393], [0.006174800917506218, 0.019228443503379822, -0.9997962117195129, -0.8531723022460938], [0.0, 0.0, 0.0, 1.0]], [[0.9995827078819275, 0.02872278355062008, 0.0030710792634636164, 0.09874000400304794], [0.028768353164196014, -0.9994581937789917, -0.015993446111679077, 0.09459291398525238], [0.0026100464165210724, 0.016075149178504944, -0.9998674392700195, -0.8537662029266357], [0.0, 0.0, 0.0, 1.0]], [[0.9995886087417603, 0.028629280626773834, 0.00170967448502779, 0.0988541767001152], [0.028657253831624985, -0.9993982315063477, -0.019547447562217712, 0.09431734681129456], [0.0011490089818835258, 0.0195884108543396, -0.9998074173927307, -0.8544103503227234], [0.0, 0.0, 0.0, 1.0]], [[0.9995579123497009, 0.029680099338293076, 0.0017594390083104372, 0.09929340332746506], [0.029717791825532913, -0.9991651773452759, -0.02803286910057068, 0.09417439997196198], [0.000925983302295208, 0.02807275950908661, -0.9996054768562317, -0.8550592064857483], [0.0, 0.0, 0.0, 1.0]], [[0.9995043873786926, 0.031445957720279694, 0.001495968084782362, 0.0999021977186203], [0.031478624790906906, -0.9989284873008728, -0.03392806649208069, 0.09413620829582214], [0.0004274696111679077, 0.03395836055278778, -0.9994232654571533, -0.8557043671607971], [0.0, 0.0, 0.0, 1.0]], [[0.9995186924934387, 0.03095845691859722, 0.0019553774036467075, 0.1004173532128334], [0.03101026639342308, -0.9988040328025818, -0.037801146507263184, 0.0941876620054245], [0.0007827263325452805, 0.03784361481666565, -0.9992833137512207, -0.8563256859779358], [0.0, 0.0, 0.0, 1.0]], [[0.9995516538619995, 0.029654154554009438, 0.004148806445300579, 0.10083796083927155], [0.02980808913707733, -0.9985877871513367, -0.043975263833999634, 0.09430725872516632], [0.0028388621285557747, 0.04407922923564911, -0.999023973941803, -0.8568801283836365], [0.0, 0.0, 0.0, 1.0]], [[0.9995343089103699, 0.03000485897064209, 0.005543868988752365, 0.10108315199613571], [0.03024424985051155, -0.9982986450195312, -0.04985027015209198, 0.09444330632686615], [0.004038691520690918, 0.04999475181102753, -0.9987413287162781, -0.8572919964790344], [0.0, 0.0, 0.0, 1.0]], [[0.9995208382606506, 0.02998717501759529, 0.0076728397980332375, 0.10104925185441971], [0.030364878475666046, -0.9980210661888123, -0.05506323277950287, 0.09459029138088226], [0.0060065193101763725, 0.055269837379455566, -0.9984534382820129, -0.8573070764541626], [0.0, 0.0, 0.0, 1.0]], [[0.9994564652442932, 0.03283252194523811, 0.0029900739900767803, 0.10094001889228821], [0.032944366335868835, -0.9980744123458862, -0.05255621671676636, 0.09469364583492279], [0.0012588100507855415, 0.052626147866249084, -0.9986135363578796, -0.8572033047676086], [0.0, 0.0, 0.0, 1.0]], [[0.9993156790733337, 0.03693368285894394, -0.0019688750617206097, 0.10069222748279572], [0.036790139973163605, -0.9980839490890503, -0.049749135971069336, 0.0947338342666626], [-0.0038025090470910072, 0.049642667174339294, -0.9987597465515137, -0.8569737076759338], [0.0, 0.0, 0.0, 1.0]], [[0.9991359710693359, 0.0411970429122448, -0.005505423527210951, 0.10029711574316025], [0.040870580822229385, -0.9979091882705688, -0.05006800591945648, 0.09463854134082794], [-0.007556568831205368, 0.04979972541332245, -0.9987307190895081, -0.8567579984664917], [0.0, 0.0, 0.0, 1.0]], [[0.998799204826355, 0.04831090569496155, -0.008138216100633144, 0.09997494518756866], [0.0478905625641346, -0.9978068470954895, -0.04569685459136963, 0.09474912285804749], [-0.010328005999326706, 0.045252248644828796, -0.9989223480224609, -0.8564032912254333], [0.0, 0.0, 0.0, 1.0]], [[0.998492956161499, 0.054073039442300797, 0.009376815520226955, 0.09898443520069122], [0.05438937619328499, -0.997810959815979, -0.037617698311805725, 0.09473152458667755], [0.007322209887206554, 0.038071006536483765, -0.999248206615448, -0.8555452823638916], [0.0, 0.0, 0.0, 1.0]], [[0.9973442554473877, 0.061463311314582825, 0.03907475620508194, 0.0967876985669136], [0.06279459595680237, -0.9974537491798401, -0.033807575702667236, 0.09480403363704681], [0.03689733147621155, 0.03617145121097565, -0.9986642599105835, -0.8537322282791138], [0.0, 0.0, 0.0, 1.0]], [[0.9945971369743347, 0.07341960072517395, 0.07338987290859222, 0.09353920817375183], [0.0757305920124054, -0.9967002272605896, -0.029215216636657715, 0.09496650099754333], [0.07100274413824081, 0.03461523354053497, -0.9968753457069397, -0.8505592942237854], [0.0, 0.0, 0.0, 1.0]], [[0.9880050420761108, 0.0896916463971138, 0.12570375204086304, 0.08857033401727676], [0.09090794622898102, -0.995851457118988, -0.003961354494094849, 0.09463420510292053], [0.12482696026563644, 0.015341296792030334, -0.9920599460601807, -0.8460346460342407], [0.0, 0.0, 0.0, 1.0]], [[0.9739558100700378, 0.11391262710094452, 0.19604605436325073, 0.08155222237110138], [0.10751935094594955, -0.9932732582092285, 0.04298622906208038, 0.09361647069454193], [0.1996239721775055, -0.020787939429283142, -0.9796520471572876, -0.839823305606842], [0.0, 0.0, 0.0, 1.0]], [[0.9521192312240601, 0.14411932229995728, 0.26962682604789734, 0.07387950271368027], [0.1219911202788353, -0.9877611398696899, 0.09719124436378479, 0.0917876660823822], [0.2803340554237366, -0.05964556336402893, -0.95804762840271, -0.8325446248054504], [0.0, 0.0, 0.0, 1.0]], [[0.9164049029350281, 0.17209382355213165, 0.3613664507865906, 0.0660354271531105], [0.12130528688430786, -0.9798000454902649, 0.1589876115322113, 0.08930686116218567], [0.3814276158809662, -0.1018613874912262, -0.9187694787979126, -0.8249533176422119], [0.0, 0.0, 0.0, 1.0]], [[0.8677406311035156, 0.20685641467571259, 0.4519255757331848, 0.05817372724413872], [0.10937678813934326, -0.966461181640625, 0.23235687613487244, 0.08611752092838287], [0.4848329424858093, -0.15219533443450928, -0.861262857913971, -0.8171722292900085], [0.0, 0.0, 0.0, 1.0]], [[0.8024339079856873, 0.24237628281116486, 0.5453013181686401, 0.05038807913661003], [0.08257631957530975, -0.9501084089279175, 0.3007909655570984, 0.08227787911891937], [0.590999960899353, -0.19633588194847107, -0.7824137806892395, -0.8101096749305725], [0.0, 0.0, 0.0, 1.0]], [[0.7096866965293884, 0.27943238615989685, 0.6467319130897522, 0.04307674244046211], [0.03074386715888977, -0.9293876886367798, 0.36782243847846985, 0.07814563810825348], [0.7038462162017822, -0.2411556988954544, -0.6681649088859558, -0.804519772529602], [0.0, 0.0, 0.0, 1.0]], [[0.5698400735855103, 0.29008975625038147, 0.7688499689102173, 0.03553491458296776], [-0.0745064914226532, -0.9135264158248901, 0.39989787340164185, 0.07409979403018951], [0.818371057510376, -0.285162091255188, -0.49895036220550537, -0.8008742332458496], [0.0, 0.0, 0.0, 1.0]], [[0.39457112550735474, 0.3170833885669708, 0.8624221086502075, 0.028111634775996208], [-0.21374306082725525, -0.8811535835266113, 0.42176106572151184, 0.07054989039897919], [0.8936596512794495, -0.35075145959854126, -0.279903382062912, -0.7991062998771667], [0.0, 0.0, 0.0, 1.0]], [[0.26273801922798157, 0.30678796768188477, 0.914794921875, 0.025587625801563263], [-0.36189645528793335, -0.8475544452667236, 0.3881781995296478, 0.06862837076187134], [0.8944270014762878, -0.433050274848938, -0.11165927350521088, -0.797373354434967], [0.0, 0.0, 0.0, 1.0]], [[0.1754719465970993, 0.2743057906627655, 0.9454977512359619, 0.019920220598578453], [-0.4355100989341736, -0.839686930179596, 0.3244331479072571, 0.06736110150814056], [0.8829159736633301, -0.4687027037143707, -0.027878552675247192, -0.7960202693939209], [0.0, 0.0, 0.0, 1.0]], [[0.1315934658050537, 0.239970862865448, 0.9618197679519653, 0.016149219125509262], [-0.489705890417099, -0.8278640508651733, 0.27354952692985535, 0.06674139201641083], [0.8618998527526855, -0.507006049156189, 0.008573640137910843, -0.7937688827514648], [0.0, 0.0, 0.0, 1.0]], [[0.06805974245071411, 0.20016559958457947, 0.9773953557014465, 0.011653319001197815], [-0.5243143439292908, -0.8262983560562134, 0.20573171973228455, 0.06966331601142883], [0.8488005995750427, -0.5264644622802734, 0.04871203005313873, -0.7924546599388123], [0.0, 0.0, 0.0, 1.0]], [[0.014942889101803303, 0.1740608513355255, 0.984621524810791, 0.007526685018092394], [-0.5441544055938721, -0.824720561504364, 0.15405187010765076, 0.07282160222530365], [0.838852047920227, -0.5380880832672119, 0.08239228278398514, -0.791709840297699], [0.0, 0.0, 0.0, 1.0]], [[-0.013827701099216938, 0.1906713843345642, 0.9815565943717957, 0.004124956205487251], [-0.5505924820899963, -0.8208742141723633, 0.15170174837112427, 0.07573138177394867], [0.8346598148345947, -0.5383399724960327, 0.1163330227136612, -0.7909001708030701], [0.0, 0.0, 0.0, 1.0]], [[-0.024125859141349792, 0.23745031654834747, 0.9711000323295593, -0.00016620196402072906], [-0.5425488948822021, -0.8189958930015564, 0.18677927553653717, 0.07721200585365295], [0.839677631855011, -0.5223630666732788, 0.14858737587928772, -0.7897074818611145], [0.0, 0.0, 0.0, 1.0]], [[-0.03279055655002594, 0.27476903796195984, 0.9609509706497192, -0.004124034196138382], [-0.5347907543182373, -0.8170740604400635, 0.21538099646568298, 0.07765388488769531], [0.844348132610321, -0.5068451166152954, 0.17373627424240112, -0.7883021831512451], [0.0, 0.0, 0.0, 1.0]], [[-0.04189786687493324, 0.28512316942214966, 0.9575747847557068, -0.007455811835825443], [-0.5363209247589111, -0.8150479197502136, 0.21921873092651367, 0.07752303779125214], [0.842973530292511, -0.5043826699256897, 0.18706628680229187, -0.7876108288764954], [0.0, 0.0, 0.0, 1.0]], [[-0.04889015480875969, 0.2827567756175995, 0.9579448699951172, -0.009677078574895859], [-0.530486524105072, -0.8199852108955383, 0.21496102213859558, 0.07637648284435272], [0.846282422542572, -0.4976673126220703, 0.19008786976337433, -0.7876253724098206], [0.0, 0.0, 0.0, 1.0]], [[-0.07206663489341736, 0.28314903378486633, 0.9563644528388977, -0.010543519631028175], [-0.520002007484436, -0.8288964033126831, 0.20622518658638, 0.07556845247745514], [0.8511195182800293, -0.48244941234588623, 0.20697380602359772, -0.7881060838699341], [0.0, 0.0, 0.0, 1.0]], [[-0.11192549020051956, 0.30480676889419556, 0.9458146691322327, -0.01008604560047388], [-0.49131178855895996, -0.8442972898483276, 0.21395018696784973, 0.07484394311904907], [0.8637622594833374, -0.44074347615242004, 0.24425354599952698, -0.7891770005226135], [0.0, 0.0, 0.0, 1.0]], [[-0.16793864965438843, 0.33969902992248535, 0.9254195094108582, -0.008916012942790985], [-0.44772636890411377, -0.8626285791397095, 0.2353997826576233, 0.07333847880363464], [0.8782583475112915, -0.37480199337005615, 0.29696089029312134, -0.7906168699264526], [0.0, 0.0, 0.0, 1.0]], [[-0.20367521047592163, 0.3585261106491089, 0.9110298156738281, -0.006487315986305475], [-0.41563868522644043, -0.8741809129714966, 0.2511019706726074, 0.07203264534473419], [0.8864315748214722, -0.32751598954200745, 0.3270662724971771, -0.7914435267448425], [0.0, 0.0, 0.0, 1.0]], [[-0.21914160251617432, 0.37685802578926086, 0.8999750018119812, -0.003519372083246708], [-0.39399611949920654, -0.8780261278152466, 0.27173006534576416, 0.07071822881698608], [0.8926051259040833, -0.2950392961502075, 0.34089264273643494, -0.7918922901153564], [0.0, 0.0, 0.0, 1.0]], [[-0.21101434528827667, 0.38061419129371643, 0.9003364443778992, -0.0006927852518856525], [-0.38247621059417725, -0.8797879219055176, 0.2822854220867157, 0.06994329392910004], [0.8995470404624939, -0.2847909927368164, 0.331223726272583, -0.7914064526557922], [0.0, 0.0, 0.0, 1.0]], [[-0.1837264597415924, 0.3770659565925598, 0.907780647277832, 0.0007225894369184971], [-0.3732275366783142, -0.8811025619506836, 0.29044681787490845, 0.06946243345737457], [0.9093655347824097, -0.2854459881782532, 0.3026132583618164, -0.791509211063385], [0.0, 0.0, 0.0, 1.0]], [[-0.14667433500289917, 0.38403934240341187, 0.9115922451019287, 0.001950473990291357], [-0.3485587239265442, -0.882516622543335, 0.3157075047492981, 0.07021892070770264], [0.9257394075393677, -0.27143728733062744, 0.2633027732372284, -0.7904125452041626], [0.0, 0.0, 0.0, 1.0]], [[-0.07563824206590652, 0.4120447039604187, 0.9080187678337097, 0.004292329307645559], [-0.3001701533794403, -0.877795934677124, 0.37332582473754883, 0.07379694283008575], [0.950882077217102, -0.24432241916656494, 0.1900785267353058, -0.7875173687934875], [0.0, 0.0, 0.0, 1.0]], [[0.02427518740296364, 0.46881237626075745, 0.8829642534255981, 0.006859463639557362], [-0.23589104413986206, -0.8555983901023865, 0.4607677161693573, 0.07524503767490387], [0.9714763164520264, -0.21946857869625092, 0.08981882780790329, -0.7842880487442017], [0.0, 0.0, 0.0, 1.0]], [[0.14001496136188507, 0.5353488326072693, 0.8329449892044067, 0.011755664832890034], [-0.14832955598831177, -0.8203981518745422, 0.5522184371948242, 0.07598476111888885], [0.9789760708808899, -0.20086920261383057, -0.035459965467453, -0.7790295481681824], [0.0, 0.0, 0.0, 1.0]], [[0.2735733687877655, 0.6037002205848694, 0.7488015294075012, 0.01961769536137581], [-0.007027864456176758, -0.7772250175476074, 0.6291834712028503, 0.07778279483318329], [0.9618254899978638, -0.17739032208919525, -0.20838534832000732, -0.7745404839515686], [0.0, 0.0, 0.0, 1.0]], [[0.40497687458992004, 0.6399421095848083, 0.653045117855072, 0.026320748031139374], [0.13621585071086884, -0.7484927773475647, 0.6490022540092468, 0.07993823289871216], [0.9041234254837036, -0.17387577891349792, -0.3902924954891205, -0.7704771161079407], [0.0, 0.0, 0.0, 1.0]], [[0.5428419709205627, 0.6711419224739075, 0.504867434501648, 0.03265909478068352], [0.27895331382751465, -0.7111102342605591, 0.6453739404678345, 0.08169868588447571], [0.7921537756919861, -0.20950162410736084, -0.5732377767562866, -0.7655193209648132], [0.0, 0.0, 0.0, 1.0]], [[0.6687629222869873, 0.6606635451316833, 0.34099826216697693, 0.040158409625291824], [0.4044646620750427, -0.7081397771835327, 0.5787454843521118, 0.08454255759716034], [0.6238304972648621, -0.24912171065807343, -0.7407926321029663, -0.7617851495742798], [0.0, 0.0, 0.0, 1.0]], [[0.7536606788635254, 0.6407272219657898, 0.1465068757534027, 0.0487128421664238], [0.5157699584960938, -0.7147015929222107, 0.47242265939712524, 0.08904215693473816], [0.4074026942253113, -0.28048253059387207, -0.8691103458404541, -0.761749804019928], [0.0, 0.0, 0.0, 1.0]], [[0.7720261216163635, 0.63370680809021, -0.04890177771449089, 0.05385405942797661], [0.6078963875770569, -0.7137341499328613, 0.3479159474372864, 0.09239369630813599], [0.1855737864971161, -0.29832738637924194, -0.9362495541572571, -0.762546181678772], [0.0, 0.0, 0.0, 1.0]], [[0.7165146470069885, 0.6562747359275818, -0.236453577876091, 0.05599077418446541], [0.697394847869873, -0.681563138961792, 0.22161254286766052, 0.09395173192024231], [-0.015719354152679443, -0.32369014620780945, -0.9460326433181763, -0.7633929252624512], [0.0, 0.0, 0.0, 1.0]], [[0.6148602962493896, 0.7103777527809143, -0.34250596165657043, 0.055270884186029434], [0.7734824419021606, -0.627932608127594, 0.0861714780330658, 0.09497618675231934], [-0.15385638177394867, -0.3179057538509369, -0.9355555176734924, -0.7638481855392456], [0.0, 0.0, 0.0, 1.0]], [[0.5264971256256104, 0.7682304978370667, -0.3641740679740906, 0.05269819125533104], [0.8251850605010986, -0.5648607611656189, 0.001412227749824524, 0.0946972519159317], [-0.20462271571159363, -0.3012545108795166, -0.9313299059867859, -0.7638792395591736], [0.0, 0.0, 0.0, 1.0]], [[0.47349509596824646, 0.8124890327453613, -0.3400940001010895, 0.04757591336965561], [0.8630480766296387, -0.5050960779190063, -0.0051046013832092285, 0.09204384684562683], [-0.17592757940292358, -0.2911004424095154, -0.9403776526451111, -0.7631990313529968], [0.0, 0.0, 0.0, 1.0]], [[0.42315593361854553, 0.8555184602737427, -0.2983742654323578, 0.04146018624305725], [0.8988443613052368, -0.43784111738204956, 0.019338607788085938, 0.08821111917495728], [-0.11409600079059601, -0.2763752341270447, -0.9542529582977295, -0.7609733939170837], [0.0, 0.0, 0.0, 1.0]], [[0.3782971501350403, 0.8878931403160095, -0.26179593801498413, 0.03476604446768761], [0.9234562516212463, -0.3815900981426239, 0.04022058844566345, 0.08453193306922913], [-0.06418716162443161, -0.25697240233421326, -0.9642848968505859, -0.7589548826217651], [0.0, 0.0, 0.0, 1.0]], [[0.364035427570343, 0.9001533389091492, -0.23916982114315033, 0.028701018542051315], [0.9302787184715271, -0.36392372846603394, 0.04627344012260437, 0.08129772543907166], [-0.04538637399673462, -0.23933973908424377, -0.9698745608329773, -0.7568011283874512], [0.0, 0.0, 0.0, 1.0]], [[0.37961268424987793, 0.8936622142791748, -0.2392955869436264, 0.02418076992034912], [0.9241152405738831, -0.37848979234695435, 0.05250340700149536, 0.07964250445365906], [-0.04365064203739166, -0.24106758832931519, -0.9695263504981995, -0.7542119026184082], [0.0, 0.0, 0.0, 1.0]], [[0.414374977350235, 0.8750519156455994, -0.25015556812286377, 0.021949585527181625], [0.9088141322135925, -0.41249024868011475, 0.06251935660839081, 0.07986666262149811], [-0.04847903549671173, -0.2532513439655304, -0.9661851525306702, -0.7536540031433105], [0.0, 0.0, 0.0, 1.0]], [[0.39395126700401306, 0.8665790557861328, -0.30633825063705444, 0.018986282870173454], [0.9167945981025696, -0.3942332863807678, 0.06377924978733063, 0.07900890707969666], [-0.06549900025129318, -0.30597516894340515, -0.9497836232185364, -0.7544189691543579], [0.0, 0.0, 0.0, 1.0]], [[0.2705395817756653, 0.8748825192451477, -0.40173232555389404, 0.017377275973558426], [0.9558188915252686, -0.2939348518848419, 0.0035554468631744385, 0.07928483188152313], [-0.11497251689434052, -0.38494518399238586, -0.91575026512146, -0.7560848593711853], [0.0, 0.0, 0.0, 1.0]], [[0.09807930886745453, 0.8726828694343567, -0.47833582758903503, 0.01489806454628706], [0.9796261191368103, -0.1693059504032135, -0.10801896452903748, 0.08292566239833832], [-0.17525139451026917, -0.45799583196640015, -0.8715083003044128, -0.757654070854187], [0.0, 0.0, 0.0, 1.0]], [[-0.049205414950847626, 0.8691120147705078, -0.4921618103981018, 0.008982334285974503], [0.9701555371284485, -0.07555241882801056, -0.23041287064552307, 0.08624033629894257], [-0.23743858933448792, -0.48881104588508606, -0.8394562005996704, -0.7582736015319824], [0.0, 0.0, 0.0, 1.0]], [[-0.1308845579624176, 0.8613966703414917, -0.49077993631362915, 0.003370294813066721], [0.9512704014778137, -0.030296288430690765, -0.3068661093711853, 0.08879174292087555], [-0.27920228242874146, -0.5070284605026245, -0.8154559135437012, -0.7567518353462219], [0.0, 0.0, 0.0, 1.0]], [[-0.17625845968723297, 0.8537551760673523, -0.4899338483810425, -0.0011176182888448238], [0.9421888589859009, 0.0022302865982055664, -0.33507511019706726, 0.08994977176189423], [-0.2849794030189514, -0.5206699967384338, -0.8047916889190674, -0.7550196647644043], [0.0, 0.0, 0.0, 1.0]], [[-0.21522340178489685, 0.8329020738601685, -0.5098559260368347, -0.004750861786305904], [0.9338945746421814, 0.022898226976394653, -0.35681459307670593, 0.08987690508365631], [-0.28551679849624634, -0.5529464483261108, -0.7827710509300232, -0.7540828585624695], [0.0, 0.0, 0.0, 1.0]], [[-0.26455944776535034, 0.7965414524078369, -0.5436268448829651, -0.006772666238248348], [0.9174458384513855, 0.03418658673763275, -0.3963894248008728, 0.08959434926509857], [-0.29715582728385925, -0.6036166548728943, -0.7398279905319214, -0.7535059452056885], [0.0, 0.0, 0.0, 1.0]], [[-0.2915854752063751, 0.7661252617835999, -0.5727392435073853, -0.0072610569186508656], [0.9110397100448608, 0.03994901478290558, -0.4103788137435913, 0.08906054496765137], [-0.2915211319923401, -0.6414486765861511, -0.7096191048622131, -0.7528695464134216], [0.0, 0.0, 0.0, 1.0]], [[-0.2903684675693512, 0.7441962957382202, -0.6015465259552002, -0.006397203076630831], [0.9188079237937927, 0.04119332134723663, -0.3925497531890869, 0.08759206533432007], [-0.2673543393611908, -0.6666896343231201, -0.6957347393035889, -0.7518877387046814], [0.0, 0.0, 0.0, 1.0]], [[-0.27486953139305115, 0.7230631113052368, -0.6337400674819946, -0.004768020007759333], [0.9318807125091553, 0.038053855299949646, -0.3607634902000427, 0.0852976143360138], [-0.23673854768276215, -0.6897329688072205, -0.6842683553695679, -0.7514042854309082], [0.0, 0.0, 0.0, 1.0]], [[-0.2538412809371948, 0.6995799541473389, -0.6679465174674988, -0.00253253523260355], [0.9432328939437866, 0.02611859142780304, -0.33110344409942627, 0.08281587064266205], [-0.21418751776218414, -0.7140768766403198, -0.6664968132972717, -0.7511955499649048], [0.0, 0.0, 0.0, 1.0]], [[-0.2384788691997528, 0.6686455011367798, -0.7043018341064453, 0.001027695368975401], [0.9507019519805908, 0.012708514928817749, -0.3098456859588623, 0.0799296647310257], [-0.19822628796100616, -0.743472695350647, -0.6387133002281189, -0.750618577003479], [0.0, 0.0, 0.0, 1.0]], [[-0.24134697020053864, 0.6400221586227417, -0.729468047618866, 0.0050715855322778225], [0.9494500756263733, 0.0002399533987045288, -0.3139183223247528, 0.07701650261878967], [-0.20073959231376648, -0.7683565020561218, -0.6077269911766052, -0.749788224697113], [0.0, 0.0, 0.0, 1.0]], [[-0.2602091133594513, 0.6166906356811523, -0.7429561018943787, 0.007954670116305351], [0.9410640001296997, -0.010217249393463135, -0.3380742073059082, 0.07447095215320587], [-0.21607816219329834, -0.7871392369270325, -0.5776866674423218, -0.7495864033699036], [0.0, 0.0, 0.0, 1.0]], [[-0.2751997709274292, 0.6013620495796204, -0.7500858902931213, 0.009465353563427925], [0.9401683211326599, 0.0053268373012542725, -0.3406686782836914, 0.0732286125421524], [-0.200869619846344, -0.7989588975906372, -0.566847562789917, -0.7486481666564941], [0.0, 0.0, 0.0, 1.0]], [[-0.3004462718963623, 0.5718450546264648, -0.7633645534515381, 0.009674135595560074], [0.9374781847000122, 0.02962633967399597, -0.34678077697753906, 0.07218340039253235], [-0.1756891906261444, -0.8198264837265015, -0.5449933409690857, -0.7462781667709351], [0.0, 0.0, 0.0, 1.0]], [[-0.3280317783355713, 0.5185804963111877, -0.7896007895469666, 0.010025041177868843], [0.9294511079788208, 0.027759432792663574, -0.3678998053073883, 0.07050317525863647], [-0.1688668429851532, -0.8545779585838318, -0.4911011755466461, -0.7439033389091492], [0.0, 0.0, 0.0, 1.0]], [[-0.3659021258354187, 0.4533396065235138, -0.812772274017334, 0.011252965778112411], [0.9055026173591614, -0.028240099549293518, -0.4233998656272888, 0.06973448395729065], [-0.21489669382572174, -0.8908903002738953, -0.4001670479774475, -0.7425183653831482], [0.0, 0.0, 0.0, 1.0]], [[-0.41437655687332153, 0.3889819383621216, -0.8227910399436951, 0.010799424722790718], [0.8669873476028442, -0.10625873506069183, -0.4868696331977844, 0.06948338449001312], [-0.27681219577789307, -0.9150968790054321, -0.29321128129959106, -0.741127610206604], [0.0, 0.0, 0.0, 1.0]], [[-0.4687499701976776, 0.34039807319641113, -0.8151090741157532, 0.010803650133311749], [0.8229268193244934, -0.16708621382713318, -0.5430228114128113, 0.06888800859451294], [-0.3210374116897583, -0.9253169298171997, -0.20180106163024902, -0.7390866875648499], [0.0, 0.0, 0.0, 1.0]], [[-0.509880781173706, 0.29425352811813354, -0.8083541393280029, 0.012326357886195183], [0.7950893640518188, -0.19753843545913696, -0.5734208822250366, 0.06777854263782501], [-0.32841214537620544, -0.9350900650024414, -0.1332368105649948, -0.7370184659957886], [0.0, 0.0, 0.0, 1.0]], [[-0.5579229593276978, 0.25073543190956116, -0.7911092638969421, 0.01289775688201189], [0.7646171450614929, -0.21527326107025146, -0.6074686050415039, 0.06636248528957367], [-0.32261860370635986, -0.9438163042068481, -0.0716107040643692, -0.7359816431999207], [0.0, 0.0, 0.0, 1.0]], [[-0.6008747220039368, 0.22976051270961761, -0.7656106948852539, 0.009908408857882023], [0.7298518419265747, -0.23290693759918213, -0.6427056789398193, 0.06329195201396942], [-0.3259844481945038, -0.9449679851531982, -0.027743250131607056, -0.7358568906784058], [0.0, 0.0, 0.0, 1.0]], [[-0.6373298168182373, 0.22250156104564667, -0.7377694845199585, 0.006471230182796717], [0.7006213665008545, -0.2313118726015091, -0.6749997138977051, 0.05989353358745575], [-0.32084330916404724, -0.9470944404602051, -0.00846739113330841, -0.7358461618423462], [0.0, 0.0, 0.0, 1.0]], [[-0.6359251141548157, 0.2000032216310501, -0.7453845739364624, 0.0062690796330571175], [0.70538729429245, -0.24120154976844788, -0.6665212512016296, 0.05894201993942261], [-0.31309428811073303, -0.9496423602104187, 0.012306392192840576, -0.7362047433853149], [0.0, 0.0, 0.0, 1.0]], [[-0.6515165567398071, 0.17282430827617645, -0.7386866211891174, 0.00514824315905571], [0.7037203311920166, -0.2260385900735855, -0.6735609173774719, 0.05882388353347778], [-0.28337937593460083, -0.9586648941040039, 0.025647908449172974, -0.7363394498825073], [0.0, 0.0, 0.0, 1.0]], [[-0.6854813098907471, 0.14091382920742035, -0.7143239378929138, 0.00571415014564991], [0.684812605381012, -0.2084241360425949, -0.6982771158218384, 0.058129504323005676], [-0.24727925658226013, -0.9678339958190918, 0.046371281147003174, -0.734961211681366], [0.0, 0.0, 0.0, 1.0]], [[-0.7531810402870178, 0.08459192514419556, -0.6523516178131104, 0.0052802953869104385], [0.6241167783737183, -0.221435546875, -0.7492961287498474, 0.05894777178764343], [-0.2078382968902588, -0.9714990854263306, 0.11398579180240631, -0.7342512011528015], [0.0, 0.0, 0.0, 1.0]], [[-0.8328571915626526, -0.01473197154700756, -0.5532920360565186, 0.0028032853733748198], [0.5432251691818237, -0.2133679986000061, -0.8120226263999939, 0.06097899377346039], [-0.10609214007854462, -0.9768609404563904, 0.18570782244205475, -0.7362445592880249], [0.0, 0.0, 0.0, 1.0]], [[-0.8932506442070007, -0.1427723467350006, -0.42628559470176697, 5.1134731620550156e-05], [0.4455685317516327, -0.1551017463207245, -0.8817097544670105, 0.0627489984035492], [0.05976615101099014, -0.9775273203849792, 0.202159583568573, -0.7381145358085632], [0.0, 0.0, 0.0, 1.0]], [[-0.8897404670715332, -0.31254175305366516, -0.332685261964798, -0.00588173046708107], [0.3944849967956543, -0.1597919464111328, -0.9049022197723389, 0.06430676579475403], [0.2296592891216278, -0.9363675117492676, 0.2654663920402527, -0.7390456199645996], [0.0, 0.0, 0.0, 1.0]], [[-0.8608843088150024, -0.4702145755290985, -0.19436177611351013, -0.011505833826959133], [0.32164448499679565, -0.20695878565311432, -0.9239658713340759, 0.06525565683841705], [0.39423736929893494, -0.8579429984092712, 0.32940950989723206, -0.7396928668022156], [0.0, 0.0, 0.0, 1.0]], [[-0.8317625522613525, -0.5512482523918152, -0.06554824113845825, -0.01600395329296589], [0.2382306605577469, -0.24779632687568665, -0.9390650987625122, 0.0664079338312149], [0.5014151930809021, -0.7966946959495544, 0.337431937456131, -0.740683376789093], [0.0, 0.0, 0.0, 1.0]], [[-0.809111475944519, -0.5860486626625061, 0.043424174189567566, -0.018279429525136948], [0.13785652816295624, -0.26112037897109985, -0.9554119110107422, 0.06856895983219147], [0.5712568759918213, -0.7670482993125916, 0.29206612706184387, -0.7419315576553345], [0.0, 0.0, 0.0, 1.0]], [[-0.7638837099075317, -0.6380432844161987, 0.09686312824487686, -0.018519768491387367], [0.059741586446762085, -0.2193615883588791, -0.9738128781318665, 0.07005664706230164], [0.6425827741622925, -0.7380930185317993, 0.20568445324897766, -0.7420421242713928], [0.0, 0.0, 0.0, 1.0]], [[-0.71182781457901, -0.6961008906364441, 0.09351368993520737, -0.017803549766540527], [0.03419966995716095, -0.16733764111995697, -0.9853063821792603, 0.07090683281421661], [0.7015209794044495, -0.6981702446937561, 0.14292199909687042, -0.7414910793304443], [0.0, 0.0, 0.0, 1.0]], [[-0.6726258993148804, -0.7296161651611328, 0.12342853099107742, -0.016185497865080833], [0.006889089941978455, -0.17296633124351501, -0.9849036931991577, 0.07183478772640228], [0.7399505972862244, -0.6616214513778687, 0.12136803567409515, -0.7408825755119324], [0.0, 0.0, 0.0, 1.0]], [[-0.6523364782333374, -0.7331627607345581, 0.19217048585414886, -0.014128207229077816], [-0.04074816405773163, -0.219254732131958, -0.9748163819313049, 0.07386063039302826], [0.7568333745002747, -0.6437388062477112, 0.11315283179283142, -0.7403086423873901], [0.0, 0.0, 0.0, 1.0]], [[-0.6168498396873474, -0.7324703335762024, 0.2880684733390808, -0.011852119117975235], [-0.12540781497955322, -0.2698553204536438, -0.9546994566917419, 0.0763547420501709], [0.7770258188247681, -0.6250321865081787, 0.07460270822048187, -0.7399802207946777], [0.0, 0.0, 0.0, 1.0]], [[-0.5585924983024597, -0.7361602783203125, 0.38215506076812744, -0.008622794412076473], [-0.22927966713905334, -0.3057405650615692, -0.9240961670875549, 0.07885719835758209], [0.7971231341362, -0.6038135290145874, 0.0019977986812591553, -0.7398920059204102], [0.0, 0.0, 0.0, 1.0]], [[-0.48835811018943787, -0.7414533495903015, 0.4601666331291199, -0.005085681099444628], [-0.3179320693016052, -0.339905321598053, -0.885089635848999, 0.08030261099338531], [0.8126656413078308, -0.5785425305366516, -0.06973625719547272, -0.7409042119979858], [0.0, 0.0, 0.0, 1.0]], [[-0.43779540061950684, -0.7472406625747681, 0.49996668100357056, -0.001195850782096386], [-0.35346758365631104, -0.3682611286640167, -0.8599095940589905, 0.08064238727092743], [0.8266775608062744, -0.5531864762306213, -0.10290232300758362, -0.7414202094078064], [0.0, 0.0, 0.0, 1.0]], [[-0.3957599699497223, -0.764082670211792, 0.5094624161720276, 0.0033448906615376472], [-0.36554402112960815, -0.3778483271598816, -0.8506518006324768, 0.07983660697937012], [0.8424676656723022, -0.5228848457336426, -0.12976858019828796, -0.7417463064193726], [0.0, 0.0, 0.0, 1.0]], [[-0.3457626700401306, -0.7858589887619019, 0.5127122402191162, 0.006749189458787441], [-0.3729941248893738, -0.3862757086753845, -0.8436033129692078, 0.07830342650413513], [0.8610014915466309, -0.4829252064228058, -0.15956106781959534, -0.7427306175231934], [0.0, 0.0, 0.0, 1.0]], [[-0.2894420623779297, -0.8175986409187317, 0.4977509081363678, 0.00723915034905076], [-0.3707539141178131, -0.3836570084095001, -0.8457830548286438, 0.07776802778244019], [0.8824765682220459, -0.4293482303619385, -0.19208142161369324, -0.7438946962356567], [0.0, 0.0, 0.0, 1.0]], [[-0.23236045241355896, -0.8542917966842651, 0.4649668335914612, 0.006753377616405487], [-0.3956368565559387, -0.35369673371315, -0.8475671410560608, 0.07865698635578156], [0.8885269165039062, -0.3808991312980652, -0.2558041512966156, -0.744589626789093], [0.0, 0.0, 0.0, 1.0]], [[-0.18521000444889069, -0.8782021999359131, 0.44097423553466797, 0.005905595142394304], [-0.3859894871711731, -0.3476608991622925, -0.8544847369194031, 0.07813744246959686], [0.9037197232246399, -0.3284706175327301, -0.2745865285396576, -0.7449140548706055], [0.0, 0.0, 0.0, 1.0]], [[-0.1350535899400711, -0.864129900932312, 0.4848095774650574, 0.005696199834346771], [-0.37477371096611023, -0.40839171409606934, -0.8323228359222412, 0.07620859146118164], [0.917227029800415, -0.2941020131111145, -0.2686983644962311, -0.7446746826171875], [0.0, 0.0, 0.0, 1.0]], [[-0.08861038833856583, -0.8578928709030151, 0.5061304569244385, 0.00602763332426548], [-0.3891105055809021, -0.43793994188308716, -0.810433030128479, 0.07529088854789734], [0.9169194102287292, -0.26875343918800354, -0.29500913619995117, -0.7434753775596619], [0.0, 0.0, 0.0, 1.0]], [[-0.04400496184825897, -0.8538273572921753, 0.5186930894851685, 0.007012675981968641], [-0.4315783381462097, -0.45200300216674805, -0.7806622982025146, 0.07448141276836395], [0.901001513004303, -0.2582097053527832, -0.3486030101776123, -0.742922842502594], [0.0, 0.0, 0.0, 1.0]], [[0.0036047818139195442, -0.845496416091919, 0.5339691042900085, 0.0086295697838068], [-0.46413642168045044, -0.4743873178958893, -0.7480202913284302, 0.07357311248779297], [0.8857564926147461, -0.24513795971870422, -0.3941357135772705, -0.741868793964386], [0.0, 0.0, 0.0, 1.0]], [[0.08964001387357712, -0.8178716897964478, 0.5683754682540894, 0.011128978803753853], [-0.4966810345649719, -0.5313571095466614, -0.6862707734107971, 0.0718984305858612], [0.8632917404174805, -0.2207840234041214, -0.45385217666625977, -0.741096019744873], [0.0, 0.0, 0.0, 1.0]], [[0.19767773151397705, -0.7629780173301697, 0.6154577732086182, 0.013772551901638508], [-0.4946182668209076, -0.6196969151496887, -0.6093674898147583, 0.06973011791706085], [0.846331000328064, -0.1839582920074463, -0.49988311529159546, -0.7406606674194336], [0.0, 0.0, 0.0, 1.0]], [[0.3279448449611664, -0.6887834072113037, 0.6465522646903992, 0.01657131314277649], [-0.4375849962234497, -0.7173075675964355, -0.5422079563140869, 0.06829071044921875], [0.83724045753479, -0.10510724782943726, -0.5366385579109192, -0.7404493093490601], [0.0, 0.0, 0.0, 1.0]], [[0.45038607716560364, -0.6152233481407166, 0.64703369140625, 0.01992988958954811], [-0.3413282632827759, -0.7882929444313049, -0.5119465589523315, 0.06825129687786102], [0.8250135779380798, 0.009722694754600525, -0.5650292634963989, -0.7397481203079224], [0.0, 0.0, 0.0, 1.0]], [[0.5402495861053467, -0.576323926448822, 0.6131730675697327, 0.02448183298110962], [-0.2674929201602936, -0.8084831237792969, -0.5242161750793457, 0.06965197622776031], [0.7978583574295044, 0.11918812990188599, -0.5909452438354492, -0.7392439842224121], [0.0, 0.0, 0.0, 1.0]], [[0.5950852632522583, -0.5862094759941101, 0.5497562885284424, 0.02999645099043846], [-0.24772801995277405, -0.7845547199249268, -0.5684230327606201, 0.07201187312602997], [0.7645288705825806, 0.20207013189792633, -0.6120975017547607, -0.7397791743278503], [0.0, 0.0, 0.0, 1.0]], [[0.6156764030456543, -0.6213744878768921, 0.48459914326667786, 0.03366139531135559], [-0.27093297243118286, -0.7444048523902893, -0.610292375087738, 0.07385340332984924], [0.7399580478668213, 0.244448721408844, -0.626663327217102, -0.7400416135787964], [0.0, 0.0, 0.0, 1.0]], [[0.6332906484603882, -0.6369258761405945, 0.43962302803993225, 0.034897543489933014], [-0.2937191128730774, -0.7233564853668213, -0.6248874664306641, 0.07468828558921814], [0.7160111665725708, 0.2666097581386566, -0.6451721787452698, -0.7394761443138123], [0.0, 0.0, 0.0, 1.0]], [[0.6470623016357422, -0.6233674883842468, 0.4390028119087219, 0.033938661217689514], [-0.2872227728366852, -0.7326666712760925, -0.6170110702514648, 0.07506425678730011], [0.7062673568725586, 0.2731529474258423, -0.6531263589859009, -0.7394109964370728], [0.0, 0.0, 0.0, 1.0]], [[0.6692565679550171, -0.5770990252494812, 0.4680304229259491, 0.03218826651573181], [-0.253251314163208, -0.7693430781364441, -0.586493968963623, 0.07422703504562378], [0.698540985584259, 0.2739856243133545, -0.6610389947891235, -0.7388095855712891], [0.0, 0.0, 0.0, 1.0]], [[0.7002877593040466, -0.5466210246086121, 0.45913243293762207, 0.03172684460878372], [-0.21689075231552124, -0.7756844758987427, -0.5926820635795593, 0.07495938241481781], [0.6801143884658813, 0.31546640396118164, -0.6617593169212341, -0.7378261089324951], [0.0, 0.0, 0.0, 1.0]], [[0.7362772822380066, -0.5142102837562561, 0.4398677945137024, 0.031008651480078697], [-0.18054337799549103, -0.7757524251937866, -0.604658842086792, 0.0763004869222641], [0.6521503329277039, 0.3657812476158142, -0.6640061140060425, -0.7382519841194153], [0.0, 0.0, 0.0, 1.0]], [[0.782383918762207, -0.46528783440589905, 0.41398394107818604, 0.030392680317163467], [-0.12951067090034485, -0.7717368006706238, -0.6226149797439575, 0.0771288275718689], [0.609181821346283, 0.43350857496261597, -0.6640540957450867, -0.7379922866821289], [0.0, 0.0, 0.0, 1.0]], [[0.8371137976646423, -0.4201754629611969, 0.35027584433555603, 0.030568549409508705], [-0.10892731696367264, -0.7555368542671204, -0.6459866762161255, 0.07824015617370605], [0.536074161529541, 0.5026097297668457, -0.6782388687133789, -0.7370214462280273], [0.0, 0.0, 0.0, 1.0]], [[0.8671563267707825, -0.39971062541007996, 0.29710519313812256, 0.02979516237974167], [-0.12418337166309357, -0.7512450218200684, -0.6482357978820801, 0.07952415943145752], [0.48230549693107605, 0.5252261161804199, -0.7010842561721802, -0.7369515895843506], [0.0, 0.0, 0.0, 1.0]], [[0.881587028503418, -0.39280831813812256, 0.2617364227771759, 0.028005652129650116], [-0.14704963564872742, -0.7554593086242676, -0.6384807229042053, 0.08105142414569855], [0.44853177666664124, 0.5243880748748779, -0.7237654328346252, -0.7359862923622131], [0.0, 0.0, 0.0, 1.0]], [[0.8859848976135254, -0.3795068860054016, 0.2664683163166046, 0.026432745158672333], [-0.1408352553844452, -0.7677153944969177, -0.6251228451728821, 0.08209832012653351], [0.4418102502822876, 0.5163211822509766, -0.7336322665214539, -0.7334045767784119], [0.0, 0.0, 0.0, 1.0]], [[0.9041772484779358, -0.3542018532752991, 0.23875632882118225, 0.024103790521621704], [-0.16171470284461975, -0.8011812567710876, -0.5761572122573853, 0.08408485352993011], [0.3953629732131958, 0.48