{"object_poses": [[[0.9999839663505554, 0.00305764377117157, 0.004775926470756531, 0.059079647064208984], [0.0030916258692741394, -0.9999698996543884, -0.0071257054805755615, 0.11773279309272766], [0.004754026886075735, 0.007140353322029114, -0.9999634027481079, -0.8305185437202454], [0.0, 0.0, 0.0, 1.0]], [[0.9998875260353088, 0.004043396562337875, 0.014441262930631638, 0.05914490669965744], [0.004100315272808075, -0.9999838471412659, -0.003914147615432739, 0.11788691580295563], [0.014425201341509819, 0.003972932696342468, -0.9998879432678223, -0.8306880593299866], [0.0, 0.0, 0.0, 1.0]], [[0.9997898936271667, 0.0037411265075206757, 0.020152222365140915, 0.059169817715883255], [0.0037236474454402924, -0.9999927282333374, 0.0009048283100128174, 0.11795306205749512], [0.020155467092990875, -0.0008295923471450806, -0.9997965693473816, -0.8306748867034912], [0.0, 0.0, 0.0, 1.0]], [[0.9996621012687683, 0.0041309501975774765, 0.025662530213594437, 0.05927856266498566], [0.0039159804582595825, -0.9999569058418274, 0.008421286940574646, 0.11828672885894775], [0.02569618821144104, -0.008317962288856506, -0.9996352195739746, -0.8307912349700928], [0.0, 0.0, 0.0, 1.0]], [[0.9996328353881836, 0.0001675281673669815, 0.02709716558456421, 0.059517890214920044], [-0.0003158384934067726, -0.9998409748077393, 0.017832934856414795, 0.11876703798770905], [0.02709583006799221, -0.017834961414337158, -0.9994738101959229, -0.8309447169303894], [0.0, 0.0, 0.0, 1.0]], [[0.9995977878570557, -0.0008697602897882462, 0.028344862163066864, 0.05984640121459961], [-0.0016620801761746407, -0.9996081590652466, 0.02794131636619568, 0.11906126141548157], [0.028309457004070282, -0.027977198362350464, -0.9992076754570007, -0.8311968445777893], [0.0, 0.0, 0.0, 1.0]], [[0.9995853900909424, -0.0038327500224113464, 0.02853631228208542, 0.0600375272333622], [-0.0047281645238399506, -0.9994964003562927, 0.031377002596855164, 0.1192832738161087], [0.028401676565408707, -0.03149893879890442, -0.9991001486778259, -0.8314031362533569], [0.0, 0.0, 0.0, 1.0]], [[0.9994316101074219, -0.008319851011037827, 0.03266771510243416, 0.05994970351457596], [-0.009532751515507698, -0.9992642998695374, 0.03715004026889801, 0.11945295333862305], [0.0323345772922039, -0.037440329790115356, -0.9987756609916687, -0.8315151333808899], [0.0, 0.0, 0.0, 1.0]], [[0.9993216395378113, -0.0075813475996255875, 0.03604103997349739, 0.05996299907565117], [-0.00898483395576477, -0.9992011189460754, 0.03894038498401642, 0.11975499987602234], [0.03571700304746628, -0.03923778235912323, -0.998591423034668, -0.8315812945365906], [0.0, 0.0, 0.0, 1.0]], [[0.9991093873977661, -0.008707372471690178, 0.04128709062933922, 0.059915464371442795], [-0.01033670175820589, -0.9991694092750549, 0.039415597915649414, 0.11993756890296936], [0.04090959578752518, -0.039807289838790894, -0.998369574546814, -0.8315430283546448], [0.0, 0.0, 0.0, 1.0]], [[0.9988343119621277, -0.004580400884151459, 0.04805195704102516, 0.06011350452899933], [-0.006735633593052626, -0.9989738464355469, 0.044786423444747925, 0.12033316493034363], [0.047797538340091705, -0.04505787789821625, -0.9978402256965637, -0.8317105770111084], [0.0, 0.0, 0.0, 1.0]], [[0.9983741641044617, -0.0016952194273471832, 0.056975603103637695, 0.06023607403039932], [-0.00459445733577013, -0.9986987113952637, 0.05079317092895508, 0.12048368155956268], [0.05681537464261055, -0.05097232758998871, -0.9970827102661133, -0.8318537473678589], [0.0, 0.0, 0.0, 1.0]], [[0.9982883930206299, -0.0005300622433423996, 0.05848173424601555, 0.06037842854857445], [-0.003813652554526925, -0.9984206557273865, 0.05605006217956543, 0.12070336937904358], [0.05835964158177376, -0.05617713928222656, -0.9967137575149536, -0.8316724896430969], [0.0, 0.0, 0.0, 1.0]], [[0.9980530142784119, -0.0019348226487636566, 0.062342457473278046, 0.06044924259185791], [-0.005518445745110512, -0.9983382225036621, 0.057362139225006104, 0.12092024087905884], [0.062127891927957535, -0.057594478130340576, -0.9964051246643066, -0.8317404985427856], [0.0, 0.0, 0.0, 1.0]], [[0.9978177547454834, -0.0011569224298000336, 0.06601746380329132, 0.0606553852558136], [-0.0050222077406942844, -0.9982798099517822, 0.05841365456581116, 0.12097769975662231], [0.0658363550901413, -0.05861777067184448, -0.9961072206497192, -0.8317844867706299], [0.0, 0.0, 0.0, 1.0]], [[0.997910737991333, -0.003404660150408745, 0.06451809406280518, 0.060894567519426346], [-0.007213595323264599, -0.9982380867004395, 0.05889594554901123, 0.12116393446922302], [0.0642038881778717, -0.059238314628601074, -0.9961770176887512, -0.8317562341690063], [0.0, 0.0, 0.0, 1.0]], [[0.9977793097496033, 0.000495322048664093, 0.06660501658916473, 0.06134874001145363], [-0.0037042303010821342, -0.9980120658874512, 0.0629131942987442, 0.12137873470783234], [0.06650375574827194, -0.06302018463611603, -0.9957940578460693, -0.8318571448326111], [0.0, 0.0, 0.0, 1.0]], [[0.9977236390113831, 0.0018523633480072021, 0.067409947514534, 0.061897821724414825], [-0.0023664087057113647, -0.9980453252792358, 0.062450215220451355, 0.12153391540050507], [0.06739383190870285, -0.06246758997440338, -0.9957689642906189, -0.8322541117668152], [0.0, 0.0, 0.0, 1.0]], [[0.9976787567138672, 0.002860596403479576, 0.06803645193576813, 0.06244709715247154], [-0.0013883826322853565, -0.9980551600456238, 0.062322407960891724, 0.12164847552776337], [0.06808239966630936, -0.062272220849990845, -0.9957343935966492, -0.8326213359832764], [0.0, 0.0, 0.0, 1.0]], [[0.9972673058509827, 0.004325075075030327, 0.07375043630599976, 0.06293760240077972], [-0.00022673187777400017, -0.9981009364128113, 0.0615992546081543, 0.12166069447994232], [0.0738767609000206, -0.0614476352930069, -0.9953724145889282, -0.8328701853752136], [0.0, 0.0, 0.0, 1.0]], [[0.9968687891960144, 0.0045603737235069275, 0.07894254475831985, 0.0634981095790863], [-0.00038944603875279427, -0.9980403184890747, 0.06257279217243195, 0.12184429168701172], [0.07907319068908691, -0.06240762770175934, -0.9949134588241577, -0.8329737782478333], [0.0, 0.0, 0.0, 1.0]], [[0.9960626363754272, 0.0059218984097242355, 0.08845511078834534, 0.06388328969478607], [0.000363701896276325, -0.998030960559845, 0.06272076070308685, 0.12187516689300537], [0.08865237981081009, -0.062441617250442505, -0.9941034913063049, -0.8330314755439758], [0.0, 0.0, 0.0, 1.0]], [[0.9957200884819031, 0.007182566449046135, 0.09214115142822266, 0.06415371596813202], [0.0013422294287011027, -0.9979941844940186, 0.06329075992107391, 0.12192398309707642], [0.09241093695163727, -0.06289619207382202, -0.9937324523925781, -0.8332337737083435], [0.0, 0.0, 0.0, 1.0]], [[0.9956033229827881, 0.00820939615368843, 0.09330933541059494, 0.0642499253153801], [0.0020972657948732376, -0.9978560209274292, 0.06541422009468079, 0.12171410024166107], [0.09364628046751022, -0.06493093073368073, -0.9934859275817871, -0.8333601355552673], [0.0, 0.0, 0.0, 1.0]], [[0.9957032799720764, 0.0050650592893362045, 0.0924631804227829, 0.06415099650621414], [-0.0013974379980936646, -0.997567355632782, 0.06969451904296875, 0.12145785987377167], [0.09259121119976044, -0.06952425837516785, -0.993273913860321, -0.8332210183143616], [0.0, 0.0, 0.0, 1.0]], [[0.995583713054657, 0.006467217579483986, 0.09365617483854294, 0.0641743615269661], [-6.195774767547846e-05, -0.9975788593292236, 0.06954413652420044, 0.1213156133890152], [0.09387916326522827, -0.06924280524253845, -0.993172824382782, -0.8334808349609375], [0.0, 0.0, 0.0, 1.0]], [[0.9954833388328552, 0.00812266394495964, 0.09458872675895691, 0.06412899494171143], [0.0016663194401189685, -0.9976745247840881, 0.06813693046569824, 0.1209908127784729], [0.09492228925228119, -0.06767158210277557, -0.9931818842887878, -0.8337203860282898], [0.0, 0.0, 0.0, 1.0]], [[0.9952096343040466, 0.011429231613874435, 0.09709482640028, 0.06381067633628845], [0.00479667354375124, -0.9976552724838257, 0.06827083230018616, 0.12080751359462738], [0.09764744341373444, -0.06747806072235107, -0.9929308891296387, -0.8338660001754761], [0.0, 0.0, 0.0, 1.0]], [[0.9952941536903381, 0.011976240202784538, 0.09615638852119446, 0.06356095522642136], [0.005138420034199953, -0.9974596500396729, 0.07104659080505371, 0.12066265940666199], [0.0967629998922348, -0.07021814584732056, -0.9928273558616638, -0.834166944026947], [0.0, 0.0, 0.0, 1.0]], [[0.995276153087616, 0.011307189241051674, 0.09642365574836731, 0.06359376758337021], [0.00432881573215127, -0.9973751902580261, 0.07227636873722076, 0.12033557891845703], [0.09698780626058578, -0.07151755690574646, -0.992712676525116, -0.8342022895812988], [0.0, 0.0, 0.0, 1.0]], [[0.9952222108840942, 0.010523803532123566, 0.09706739336252213, 0.063336081802845], [0.003125079208984971, -0.9970982074737549, 0.07606162130832672, 0.12014298141002655], [0.09758618474006653, -0.07539483904838562, -0.9923672080039978, -0.834036111831665], [0.0, 0.0, 0.0, 1.0]], [[0.9951246380805969, 0.008466776460409164, 0.09826180338859558, 0.0630297139286995], [0.00017253158148378134, -0.9964562654495239, 0.08411294221878052, 0.11996597051620483], [0.09862571954727173, -0.08368588984012604, -0.9915996193885803, -0.8335451483726501], [0.0, 0.0, 0.0, 1.0]], [[0.9947052001953125, -0.0024205930531024933, 0.1027410626411438, 0.0632891058921814], [-0.013314380310475826, -0.9943324327468872, 0.1054786890745163, 0.11998549103736877], [0.10190346837043762, -0.1062881201505661, -0.9890998005867004, -0.8316705226898193], [0.0, 0.0, 0.0, 1.0]], [[0.9939458966255188, -0.01354963704943657, 0.10903213173151016, 0.06341316550970078], [-0.030723612755537033, -0.9870543479919434, 0.15741592645645142, 0.11966721713542938], [0.10548770427703857, -0.1598128080368042, -0.9814948439598083, -0.8279398679733276], [0.0, 0.0, 0.0, 1.0]], [[0.9926161766052246, -0.014382539317011833, 0.1204424798488617, 0.06245730072259903], [-0.044982511550188065, -0.9657911062240601, 0.25539034605026245, 0.11925376951694489], [0.112649105489254, -0.25892236828804016, -0.9593068361282349, -0.8224730491638184], [0.0, 0.0, 0.0, 1.0]], [[0.9916256070137024, -0.002738719806075096, 0.12911668419837952, 0.060493502765893936], [-0.05144599452614784, -0.9254015684127808, 0.37548014521598816, 0.11747123301029205], [0.1184564158320427, -0.37897825241088867, -0.9177927374839783, -0.8154296875], [0.0, 0.0, 0.0, 1.0]], [[0.9889324903488159, 0.026676716282963753, 0.145948588848114, 0.057498760521411896], [-0.05092785879969597, -0.8628989458084106, 0.5028039216995239, 0.11495624482631683], [0.1393520087003708, -0.5046719312667847, -0.8519902229309082, -0.8082097768783569], [0.0, 0.0, 0.0, 1.0]], [[0.9865975975990295, 0.0661003515124321, 0.14918407797813416, 0.053582966327667236], [-0.04286864772439003, -0.7771570086479187, 0.6278448700904846, 0.1111517995595932], [0.1574402004480362, -0.6258255839347839, -0.7639075517654419, -0.800766110420227], [0.0, 0.0, 0.0, 1.0]], [[0.9840275645256042, 0.10666032880544662, 0.1425248682498932, 0.04910359904170036], [-0.028405804187059402, -0.6962898969650269, 0.7171983122825623, 0.10626527667045593], [0.1757352650165558, -0.709791362285614, -0.6821386218070984, -0.7940095067024231], [0.0, 0.0, 0.0, 1.0]], [[0.9822998046875, 0.13872130215168, 0.12587136030197144, 0.04458651319146156], [-0.010388726368546486, -0.6305938959121704, 0.7760434150695801, 0.1016685962677002], [0.1870274543762207, -0.7636148929595947, -0.6179910898208618, -0.7887555360794067], [0.0, 0.0, 0.0, 1.0]], [[0.9829333424568176, 0.1572834700345993, 0.09541488438844681, 0.040651630610227585], [0.014617934823036194, -0.5838040709495544, 0.8117629885673523, 0.09698492288589478], [0.18338048458099365, -0.796514093875885, -0.5761396884918213, -0.7845672965049744], [0.0, 0.0, 0.0, 1.0]], [[0.9819796085357666, 0.1752617061138153, 0.07070736587047577, 0.03732448071241379], [0.03824784234166145, -0.5506983399391174, 0.8338276743888855, 0.09324587881565094], [0.185076504945755, -0.8160972595214844, -0.5474779009819031, -0.7824176549911499], [0.0, 0.0, 0.0, 1.0]], [[0.9788621068000793, 0.1948966532945633, 0.062003083527088165, 0.034363552927970886], [0.05134284868836403, -0.5276213884353638, 0.847926676273346, 0.08958087861537933], [0.19797220826148987, -0.8268198370933533, -0.5264750719070435, -0.7811375260353088], [0.0, 0.0, 0.0, 1.0]], [[0.9758584499359131, 0.2118985801935196, 0.05290820449590683, 0.031994953751564026], [0.06192728504538536, -0.5007648468017578, 0.8633652329444885, 0.08603906631469727], [0.2094404548406601, -0.8392457962036133, -0.5017979145050049, -0.780424952507019], [0.0, 0.0, 0.0, 1.0]], [[0.9720138907432556, 0.22855696082115173, 0.05431976541876793, 0.02966701239347458], [0.06252504885196686, -0.47457534074783325, 0.8779913187026978, 0.08254702389240265], [0.2264498472213745, -0.8500234484672546, -0.47558438777923584, -0.7795543670654297], [0.0, 0.0, 0.0, 1.0]], [[0.9651216268539429, 0.25634491443634033, 0.05317456275224686, 0.02806192636489868], [0.07146729528903961, -0.4533650279045105, 0.8884551525115967, 0.0794486254453659], [0.25185850262641907, -0.8536670804023743, -0.45587265491485596, -0.7794601321220398], [0.0, 0.0, 0.0, 1.0]], [[0.9580745100975037, 0.28186169266700745, 0.05145258456468582, 0.026589293032884598], [0.08138430118560791, -0.4398932456970215, 0.8943548202514648, 0.07786010205745697], [0.2747180163860321, -0.8526709675788879, -0.4443896412849426, -0.779617965221405], [0.0, 0.0, 0.0, 1.0]], [[0.9554141759872437, 0.2913254499435425, 0.04809404909610748, 0.02484116517007351], [0.08717337995767593, -0.4339260160923004, 0.8967211842536926, 0.07689344882965088], [0.2821069061756134, -0.8525477647781372, -0.43997490406036377, -0.7803694009780884], [0.0, 0.0, 0.0, 1.0]], [[0.9570165276527405, 0.28657957911491394, 0.04462707042694092, 0.0252400990575552], [0.0831582248210907, -0.4185360074043274, 0.9043851494789124, 0.07441006600856781], [0.2778562903404236, -0.8618003726005554, -0.42437732219696045, -0.7792327404022217], [0.0, 0.0, 0.0, 1.0]], [[0.9587671756744385, 0.28033939003944397, 0.0466403067111969, 0.025038812309503555], [0.07642537355422974, -0.4124060869216919, 0.9077887535095215, 0.0743921548128128], [0.2737237215042114, -0.8667936325073242, -0.41682642698287964, -0.7794595956802368], [0.0, 0.0, 0.0, 1.0]], [[0.9681411385536194, 0.24638766050338745, 0.04467632248997688, 0.034656547009944916], [0.05685919523239136, -0.39006268978118896, 0.9190311431884766, 0.08001580834388733], [0.2438645362854004, -0.8872114419937134, -0.3916451334953308, -0.7794470191001892], [0.0, 0.0, 0.0, 1.0]], [[0.9783160090446472, 0.2048415094614029, 0.03062387742102146, 0.031204666942358017], [0.03280163183808327, -0.29922565817832947, 0.9536184668540955, 0.07818059623241425], [0.204504132270813, -0.9319356083869934, -0.2994563579559326, -0.7858255505561829], [0.0, 0.0, 0.0, 1.0]], [[0.9923397302627563, 0.1198369488120079, 0.03001916967332363, 0.033703938126564026], [-0.014080867171287537, -0.13169321417808533, 0.9911905527114868, 0.08119331300258636], [0.12273455411195755, -0.9840202927589417, -0.12899699807167053, -0.787558913230896], [0.0, 0.0, 0.0, 1.0]], [[0.9981873035430908, 0.028495369479060173, 0.05300973728299141, 0.02173987589776516], [-0.054993756115436554, 0.0740593671798706, 0.9957364797592163, 0.0905466228723526], [0.024448011070489883, -0.9968466758728027, 0.07549218833446503, -0.7932142615318298], [0.0, 0.0, 0.0, 1.0]], [[0.9939146637916565, -0.06086324155330658, 0.09181159734725952, 0.019328022375702858], [-0.07336631417274475, 0.2559450566768646, 0.9639032483100891, 0.09752048552036285], [-0.08216498792171478, -0.964773416519165, 0.24992220103740692, -0.7945964336395264], [0.0, 0.0, 0.0, 1.0]], [[0.9848542809486389, -0.1275247037410736, 0.11747196316719055, 0.018142905086278915], [-0.07035540789365768, 0.32530754804611206, 0.942987322807312, 0.09944897890090942], [-0.15846869349479675, -0.9369698762893677, 0.31140846014022827, -0.793806791305542], [0.0, 0.0, 0.0, 1.0]], [[0.9758672118186951, -0.17428116500377655, 0.13156461715698242, 0.018580732867121696], [-0.06479055434465408, 0.34427422285079956, 0.9366309642791748, 0.09809641540050507], [-0.20853140950202942, -0.9225515723228455, 0.32467415928840637, -0.7918580770492554], [0.0, 0.0, 0.0, 1.0]], [[0.9602775573730469, -0.2191576361656189, 0.1727338284254074, 0.01921389251947403], [-0.07502765208482742, 0.39344149827957153, 0.9162829518318176, 0.09763774275779724], [-0.26877108216285706, -0.8928458094596863, 0.36137011647224426, -0.7893445491790771], [0.0, 0.0, 0.0, 1.0]], [[0.9271925687789917, -0.27142947912216187, 0.25814738869667053, 0.019015580415725708], [-0.09243696182966232, 0.5020473003387451, 0.8598860502243042, 0.0988127589225769], [-0.3630006015300751, -0.8211422562599182, 0.44040447473526, -0.7852745652198792], [0.0, 0.0, 0.0, 1.0]], [[0.8754494786262512, -0.3106205463409424, 0.3702746033668518, 0.01898479461669922], [-0.09628848731517792, 0.6386698484420776, 0.7634326219558716, 0.10051357746124268], [-0.47362104058265686, -0.7039997577667236, 0.5292140245437622, -0.7803846597671509], [0.0, 0.0, 0.0, 1.0]], [[0.8122328519821167, -0.34255585074424744, 0.4721583425998688, 0.01897658035159111], [-0.06111603230237961, 0.7549866437911987, 0.6528860330581665, 0.10072189569473267], [-0.5801230669021606, -0.559151828289032, 0.5922893285751343, -0.7753833532333374], [0.0, 0.0, 0.0, 1.0]], [[0.7448691725730896, -0.3526878356933594, 0.5663755536079407, 0.019272126257419586], [0.0008296817541122437, 0.8493596911430359, 0.5278137922286987, 0.09939958155155182], [-0.667210042476654, -0.392682284116745, 0.6329544186592102, -0.7707462310791016], [0.0, 0.0, 0.0, 1.0]], [[0.6903912425041199, -0.3300790786743164, 0.6437452435493469, 0.020528800785541534], [0.08084312081336975, 0.9194711446762085, 0.3847559988498688, 0.09669597446918488], [-0.7189050912857056, -0.21358974277973175, 0.6614794135093689, -0.7668013572692871], [0.0, 0.0, 0.0, 1.0]], [[0.6424601078033447, -0.27418527007102966, 0.7155888080596924, 0.022426698356866837], [0.1464657336473465, 0.9605199694633484, 0.23653537034988403, 0.09342989325523376], [-0.7521920204162598, -0.04715530574321747, 0.6572544574737549, -0.7625827193260193], [0.0, 0.0, 0.0, 1.0]], [[0.6106083989143372, -0.20792090892791748, 0.7641507387161255, 0.02479635737836361], [0.19187100231647491, 0.9750111103057861, 0.11197677254676819, 0.09006357192993164], [-0.7683377861976624, 0.0782444179058075, 0.6352440118789673, -0.7592676281929016], [0.0, 0.0, 0.0, 1.0]], [[0.6004379391670227, -0.15550139546394348, 0.7844065427780151, 0.026202283799648285], [0.20785537362098694, 0.9775444865226746, 0.03468261659145355, 0.08699861168861389], [-0.7721855044364929, 0.14221835136413574, 0.6192765235900879, -0.7586048245429993], [0.0, 0.0, 0.0, 1.0]], [[0.5977795720100403, -0.137977734208107, 0.7896973490715027, 0.025970695540308952], [0.2099250704050064, 0.9776450395584106, 0.01190873235464096, 0.08410730957984924], [-0.7736867070198059, 0.1586584597826004, 0.6133812069892883, -0.7595883011817932], [0.0, 0.0, 0.0, 1.0]], [[0.6019361615180969, -0.12914124131202698, 0.7880327105522156, 0.025411782786250114], [0.2143368422985077, 0.9767529964447021, -0.0036520883440971375, 0.08167390525341034], [-0.7692416906356812, 0.17110273241996765, 0.6156225800514221, -0.7603223919868469], [0.0, 0.0, 0.0, 1.0]], [[0.6130198240280151, -0.1154317855834961, 0.7815895676612854, 0.02571789361536503], [0.21452832221984863, 0.9764215350151062, -0.024053610861301422, 0.07993683218955994], [-0.7603843212127686, 0.18241846561431885, 0.6233291029930115, -0.760197639465332], [0.0, 0.0, 0.0, 1.0]], [[0.6249845027923584, -0.10700865089893341, 0.7732682824134827, 0.026021186262369156], [0.21327197551727295, 0.9762817025184631, -0.03727181255817413, 0.07840520143508911], [-0.750939130783081, 0.18821071088314056, 0.6329829096794128, -0.7599999308586121], [0.0, 0.0, 0.0, 1.0]], [[0.6326939463615417, -0.10178624093532562, 0.7676835656166077, 0.02670181915163994], [0.20192350447177887, 0.9787153601646423, -0.03665057569742203, 0.07641088962554932], [-0.7476130127906799, 0.17820195853710175, 0.6397802829742432, -0.7613523006439209], [0.0, 0.0, 0.0, 1.0]], [[0.6389709115028381, -0.09431293606758118, 0.7634273171424866, 0.028741534799337387], [0.17460700869560242, 0.9843323230743408, -0.024538695812225342, 0.07367396354675293], [-0.749151885509491, 0.1489792913198471, 0.6454274654388428, -0.7639761567115784], [0.0, 0.0, 0.0, 1.0]], [[0.6463488936424255, -0.08459819853305817, 0.7583378553390503, 0.03133391961455345], [0.14172744750976562, 0.9898513555526733, -0.010372325778007507, 0.07062186300754547], [-0.7497642636299133, 0.11418144404888153, 0.6517791748046875, -0.7679418325424194], [0.0, 0.0, 0.0, 1.0]], [[0.6572568416595459, -0.07269614934921265, 0.7501524686813354, 0.0342460460960865], [0.10944011807441711, 0.9939932823181152, 0.0004388391971588135, 0.06746803224086761], [-0.7456783652305603, 0.08180834352970123, 0.6612648963928223, -0.7716596722602844], [0.0, 0.0, 0.0, 1.0]], [[0.6683210134506226, -0.06081749126315117, 0.7413828372955322, 0.03735198453068733], [0.08162325620651245, 0.9966297149658203, 0.008176617324352264, 0.06442220509052277], [-0.7393814921379089, 0.05504949390888214, 0.6710326075553894, -0.7748210430145264], [0.0, 0.0, 0.0, 1.0]], [[0.6703757643699646, -0.047423575073480606, 0.7405047416687012, 0.039847712963819504], [0.054881900548934937, 0.9983911514282227, 0.014254830777645111, 0.06161122024059296], [-0.7399893403053284, 0.031084224581718445, 0.6718999147415161, -0.7778443694114685], [0.0, 0.0, 0.0, 1.0]], [[0.6647785305976868, -0.04129432141780853, 0.745898425579071, 0.04174221679568291], [0.03305782377719879, 0.9991191029548645, 0.02585044503211975, 0.05955536663532257], [-0.7463087439537048, 0.0074729472398757935, 0.6655579209327698, -0.779693603515625], [0.0, 0.0, 0.0, 1.0]], [[0.6645846366882324, -0.03775821626186371, 0.7462583780288696, 0.04287426546216011], [0.015935778617858887, 0.9992114901542664, 0.036365121603012085, 0.05762174725532532], [-0.7470430135726929, -0.012275516986846924, 0.6646623015403748, -0.7815825939178467], [0.0, 0.0, 0.0, 1.0]], [[0.6542081832885742, -0.03273766115307808, 0.7556056976318359, 0.0428365059196949], [0.0037001818418502808, 0.9991892576217651, 0.040087632834911346, 0.05651901662349701], [-0.7563055157661438, -0.023429766297340393, 0.6537989377975464, -0.7831293344497681], [0.0, 0.0, 0.0, 1.0]], [[0.6471887230873108, -0.026568884029984474, 0.7618666887283325, 0.0421292670071125], [0.0007013827562332153, 0.9994127750396729, 0.03425711393356323, 0.056181445717811584], [-0.7623294591903687, -0.021636441349983215, 0.6468273401260376, -0.7846031188964844], [0.0, 0.0, 0.0, 1.0]], [[0.6338074207305908, 0.006067313253879547, 0.7734671235084534, 0.042013924568891525], [0.028895407915115356, 0.9990854859352112, -0.03151509910821915, 0.05676238238811493], [-0.7729509472846985, 0.04232417047023773, 0.633052408695221, -0.7820338010787964], [0.0, 0.0, 0.0, 1.0]], [[0.6228559613227844, 0.027249952778220177, 0.7818619012832642, 0.04158218204975128], [0.036251574754714966, 0.9973143935203552, -0.06363820284605026, 0.057845741510391235], [-0.7814961671829224, 0.06798115372657776, 0.6201953887939453, -0.780994713306427], [0.0, 0.0, 0.0, 1.0]], [[0.6027716398239136, 0.036174025386571884, 0.7970933318138123, 0.03953733667731285], [0.04566965997219086, 0.9957700371742249, -0.07972639054059982, 0.05906742811203003], [-0.7966057062149048, 0.08445976674556732, 0.5985698103904724, -0.779941976070404], [0.0, 0.0, 0.0, 1.0]], [[0.5710133910179138, 0.06581903994083405, 0.8182980418205261, 0.03757772967219353], [0.04862445592880249, 0.9923192262649536, -0.11374671757221222, 0.06179451942443848], [-0.8194995522499084, 0.10474017262458801, 0.5634271502494812, -0.7786988615989685], [0.0, 0.0, 0.0, 1.0]], [[0.5199397802352905, 0.12398900836706161, 0.8451563715934753, 0.03628822788596153], [0.0863531231880188, 0.9767112731933594, -0.19641323387622833, 0.06680209934711456], [-0.8498269319534302, 0.17510493099689484, 0.49712422490119934, -0.7794008851051331], [0.0, 0.0, 0.0, 1.0]], [[0.4850214123725891, 0.1981811225414276, 0.8517503142356873, 0.035186298191547394], [0.1512862741947174, 0.9402822852134705, -0.3049289286136627, 0.07162940502166748], [-0.8613169193267822, 0.276755154132843, 0.4260749816894531, -0.7822661995887756], [0.0, 0.0, 0.0, 1.0]], [[0.48360925912857056, 0.2725962996482849, 0.831753134727478, 0.03437553346157074], [0.20918896794319153, 0.8867323994636536, -0.412244588136673, 0.07746924459934235], [-0.849918782711029, 0.3733588457107544, 0.37180787324905396, -0.7847546339035034], [0.0, 0.0, 0.0, 1.0]], [[0.4987843930721283, 0.33952879905700684, 0.7974550127983093, 0.034318119287490845], [0.20688331127166748, 0.8468427658081055, -0.4899558424949646, 0.08280932903289795], [-0.8416730761528015, 0.4093623757362366, 0.3521491289138794, -0.7856044769287109], [0.0, 0.0, 0.0, 1.0]], [[0.5243616104125977, 0.39390093088150024, 0.754908561706543, 0.035577017813920975], [0.21083742380142212, 0.7988980412483215, -0.5633022785186768, 0.08744281530380249], [-0.8249802589416504, 0.45453715324401855, 0.335862398147583, -0.7854939699172974], [0.0, 0.0, 0.0, 1.0]], [[0.5549274682998657, 0.43858763575553894, 0.7068920731544495, 0.03721081092953682], [0.23178791999816895, 0.7345679402351379, -0.6377180814743042, 0.09264037013053894], [-0.7989554405212402, 0.5177363753318787, 0.305972695350647, -0.786859929561615], [0.0, 0.0, 0.0, 1.0]], [[0.6020402908325195, 0.4767040014266968, 0.6405473351478577, 0.03873667120933533], [0.2862096428871155, 0.6200757026672363, -0.7304725646972656, 0.09955433011054993], [-0.745406985282898, 0.6231046915054321, 0.23687325417995453, -0.789263904094696], [0.0, 0.0, 0.0, 1.0]], [[0.6732243299484253, 0.49176135659217834, 0.5522134304046631, 0.04001304879784584], [0.3364962637424469, 0.46124666929244995, -0.8209881782531738, 0.10734871029853821], [-0.6584369540214539, 0.7385269999504089, 0.145046666264534, -0.7916443943977356], [0.0, 0.0, 0.0, 1.0]], [[0.7468891143798828, 0.47263503074645996, 0.46773168444633484, 0.040320031344890594], [0.36609864234924316, 0.29491734504699707, -0.8826073408126831, 0.11181038618087769], [-0.5550931692123413, 0.8304457068443298, 0.047239482402801514, -0.7929389476776123], [0.0, 0.0, 0.0, 1.0]], [[0.8094656467437744, 0.42336758971214294, 0.40684792399406433, 0.04027261584997177], [0.3598829209804535, 0.18976570665836334, -0.9134950637817383, 0.11254800856113434], [-0.46394991874694824, 0.8858605623245239, 0.0012460500001907349, -0.7922112941741943], [0.0, 0.0, 0.0, 1.0]], [[0.8621866106987, 0.3657080829143524, 0.3505594730377197, 0.039900921285152435], [0.3363436460494995, 0.10422664135694504, -0.9359539151191711, 0.1096789687871933], [-0.37882351875305176, 0.9248753190040588, -0.03314076364040375, -0.7902752161026001], [0.0, 0.0, 0.0, 1.0]], [[0.8996524214744568, 0.3089054822921753, 0.3085496127605438, 0.037078604102134705], [0.3201359212398529, 0.013819634914398193, -0.9472707509994507, 0.10753203928470612], [-0.29688119888305664, 0.9509922862052917, -0.08645889163017273, -0.7883628010749817], [0.0, 0.0, 0.0, 1.0]], [[0.9254149794578552, 0.2509304881095886, 0.2839735448360443, 0.033191900700330734], [0.3182593286037445, -0.10784518718719482, -0.941849410533905, 0.10643498599529266], [-0.20571357011795044, 0.9619787931442261, -0.1796625405550003, -0.7856824398040771], [0.0, 0.0, 0.0, 1.0]], [[0.9463709592819214, 0.1899043768644333, 0.2613777220249176, 0.029738636687397957], [0.30179330706596375, -0.23080213367938995, -0.925014078617096, 0.10392911732196808], [-0.11533768475055695, 0.9542884826660156, -0.27573633193969727, -0.7822168469429016], [0.0, 0.0, 0.0, 1.0]], [[0.9593569040298462, 0.11558497697114944, 0.2574383020401001, 0.02692294493317604], [0.2816336750984192, -0.33461928367614746, -0.8992844820022583, 0.10063479840755463], [-0.017799939960241318, 0.9352379441261292, -0.35357192158699036, -0.7797757983207703], [0.0, 0.0, 0.0, 1.0]], [[0.9653729200363159, 0.029833301901817322, 0.25916242599487305, 0.025287725031375885], [0.24661658704280853, -0.42829036712646484, -0.8693375587463379, 0.09725631773471832], [0.08506157249212265, 0.9031485915184021, -0.4208173453807831, -0.7768187522888184], [0.0, 0.0, 0.0, 1.0]], [[0.9608993530273438, -0.06683706492185593, 0.26871055364608765, 0.024548504501581192], [0.19747567176818848, -0.5148499011993408, -0.8342259526252747, 0.09484124183654785], [0.19410282373428345, 0.8546708822250366, -0.48152026534080505, -0.7755939364433289], [0.0, 0.0, 0.0, 1.0]], [[0.9438216090202332, -0.15614399313926697, 0.2912385165691376, 0.024882452562451363], [0.1521352231502533, -0.5770567059516907, -0.8024091720581055, 0.09389829635620117], [0.29335251450538635, 0.8016387224197388, -0.5208835601806641, -0.7755419015884399], [0.0, 0.0, 0.0, 1.0]], [[0.9203541278839111, -0.23791129887104034, 0.310397207736969, 0.026510117575526237], [0.09994098544120789, -0.624250590801239, -0.7748050689697266, 0.09348495304584503], [0.37810054421424866, 0.7441165447235107, -0.5507545471191406, -0.7764395475387573], [0.0, 0.0, 0.0, 1.0]], [[0.9015883207321167, -0.29415780305862427, 0.31719040870666504, 0.028225766494870186], [0.04989021643996239, -0.657630980014801, -0.7516863942146301, 0.09402073919773102], [0.42970865964889526, 0.6935362815856934, -0.5782368183135986, -0.7766703963279724], [0.0, 0.0, 0.0, 1.0]], [[0.8822339177131653, -0.3423576354980469, 0.3231944143772125, 0.03091946616768837], [-0.0005075260996818542, -0.687153697013855, -0.7265118956565857, 0.09633293747901917], [0.470811128616333, 0.6407893896102905, -0.6064040064811707, -0.7778440713882446], [0.0, 0.0, 0.0, 1.0]], [[0.8616524338722229, -0.38671985268592834, 0.32863765954971313, 0.03383797034621239], [-0.04708009958267212, -0.7056820392608643, -0.7069627642631531, 0.09794329106807709], [0.5053102374076843, 0.5936839580535889, -0.6262595057487488, -0.7779852151870728], [0.0, 0.0, 0.0, 1.0]], [[0.8498541116714478, -0.41120216250419617, 0.3296374976634979, 0.03532268479466438], [-0.07822305709123611, -0.7169685959815979, -0.6927029490470886, 0.09900549054145813], [0.5211806297302246, 0.5629111528396606, -0.6414841413497925, -0.7783777713775635], [0.0, 0.0, 0.0, 1.0]], [[0.8448520302772522, -0.42278969287872314, 0.32783225178718567, 0.03573238477110863], [-0.09713822603225708, -0.7238091230392456, -0.6831285953521729, 0.09962867200374603], [0.5261076092720032, 0.5452975034713745, -0.6525806188583374, -0.7790864706039429], [0.0, 0.0, 0.0, 1.0]], [[0.838474690914154, -0.4368104636669159, 0.3258172869682312, 0.03593062609434128], [-0.1144547313451767, -0.7257208824157715, -0.6784020662307739, 0.09989851713180542], [0.5327854752540588, 0.531531572341919, -0.6584935188293457, -0.778996467590332], [0.0, 0.0, 0.0, 1.0]], [[0.827245831489563, -0.4602605104446411, 0.3222182095050812, 0.037011850625276566], [-0.139497309923172, -0.7238059639930725, -0.675755500793457, 0.09975041449069977], [0.5442469716072083, 0.5140674114227295, -0.6629706025123596, -0.7790091037750244], [0.0, 0.0, 0.0, 1.0]], [[0.8147434592247009, -0.4814000129699707, 0.32318300008773804, 0.03824320808053017], [-0.15537214279174805, -0.7182629108428955, -0.6782020330429077, 0.09855285286903381], [0.5586167573928833, 0.502346932888031, -0.6599962115287781, -0.7783278226852417], [0.0, 0.0, 0.0, 1.0]], [[0.8153326511383057, -0.4739815294742584, 0.3325270712375641, 0.03730646148324013], [-0.16782784461975098, -0.7431336045265198, -0.6477549076080322, 0.0985371470451355], [0.5541358590126038, 0.47232839465141296, -0.6854483485221863, -0.7763421535491943], [0.0, 0.0, 0.0, 1.0]], [[0.8122326135635376, -0.4716877341270447, 0.34320396184921265, 0.03599952906370163], [-0.18873964250087738, -0.7692043781280518, -0.6104933619499207, 0.0993872582912445], [0.5519561171531677, 0.4310864210128784, -0.7137991189956665, -0.773962676525116], [0.0, 0.0, 0.0, 1.0]], [[0.8018735647201538, -0.49043530225753784, 0.34127989411354065, 0.03674212098121643], [-0.24048730731010437, -0.7877954244613647, -0.5670485496520996, 0.09886901080608368], [0.5469593405723572, 0.37262776494026184, -0.7496558427810669, -0.7721992135047913], [0.0, 0.0, 0.0, 1.0]], [[0.8064095973968506, -0.4999414086341858, 0.31585144996643066, 0.03614290431141853], [-0.29536235332489014, -0.8032301068305969, -0.5172838568687439, 0.09938061237335205], [0.5123129487037659, 0.3238521218299866, -0.7953962683677673, -0.7707464694976807], [0.0, 0.0, 0.0, 1.0]], [[0.8272538781166077, -0.49479132890701294, 0.2661438584327698, 0.034298237413167953], [-0.3361940383911133, -0.8154951333999634, -0.4711064398288727, 0.09999659657478333], [0.4501384496688843, 0.3002486526966095, -0.8409672975540161, -0.7715851068496704], [0.0, 0.0, 0.0, 1.0]], [[0.8482761979103088, -0.48940151929855347, 0.20227105915546417, 0.031969934701919556], [-0.36663517355918884, -0.8183829188346863, -0.44252461194992065, 0.10111190378665924], [0.38210737705230713, 0.3012234568595886, -0.87364661693573, -0.7743174433708191], [0.0, 0.0, 0.0, 1.0]], [[0.8607132434844971, -0.4867977499961853, 0.14899933338165283, 0.02849019318819046], [-0.39304637908935547, -0.8214331269264221, -0.4132338762283325, 0.1032794862985611], [0.32355427742004395, 0.29711219668388367, -0.8983523845672607, -0.7759830951690674], [0.0, 0.0, 0.0, 1.0]], [[0.8673015832901001, -0.48398253321647644, 0.11639967560768127, 0.02437392622232437], [-0.4115540385246277, -0.8287233114242554, -0.37926363945007324, 0.10632660984992981], [0.280020147562027, 0.28103119134902954, -0.9179380536079407, -0.7769761085510254], [0.0, 0.0, 0.0, 1.0]], [[0.8822613954544067, -0.46278077363967896, 0.08630626648664474, 0.018643643707036972], [-0.41193076968193054, -0.8476685881614685, -0.3343217372894287, 0.11015364527702332], [0.22787678241729736, 0.2594069540500641, -0.9384989142417908, -0.7774894833564758], [0.0, 0.0, 0.0, 1.0]], [[0.8990316390991211, -0.43387654423713684, 0.05910443887114525, 0.01244529988616705], [-0.4005333185195923, -0.869368851184845, -0.2894318997859955, 0.11354872584342957], [0.1769612729549408, 0.23653511703014374, -0.9553722143173218, -0.7768656015396118], [0.0, 0.0, 0.0, 1.0]], [[0.9069523811340332, -0.4168879985809326, 0.06034649908542633, 0.007311878725886345], [-0.38996320962905884, -0.8851315975189209, -0.2539108395576477, 0.11608666181564331], [0.15926700830459595, 0.20675212144851685, -0.965343177318573, -0.7749815583229065], [0.0, 0.0, 0.0, 1.0]], [[0.9108949899673462, -0.40631330013275146, 0.07197069376707077, 0.0027054734528064728], [-0.3811842203140259, -0.8953536152839661, -0.2303055077791214, 0.11743313074111938], [0.15801537036895752, 0.1823500394821167, -0.9704533815383911, -0.7731558680534363], [0.0, 0.0, 0.0, 1.0]], [[0.9168395400047302, -0.39014965295791626, 0.08478622138500214, -0.0015789158642292023], [-0.3643963038921356, -0.9044849872589111, -0.2216353565454483, 0.11802347004413605], [0.1631588339805603, 0.17230823636054993, -0.9714366793632507, -0.7720915675163269], [0.0, 0.0, 0.0, 1.0]], [[0.9201568365097046, -0.3780131936073303, 0.10206607729196548, -0.004534827545285225], [-0.3511056900024414, -0.9119646549224854, -0.21223877370357513, 0.11808323860168457], [0.17330969870090485, 0.15945696830749512, -0.9718731045722961, -0.7707854509353638], [0.0, 0.0, 0.0, 1.0]], [[0.9185181856155396, -0.3758188784122467, 0.1228187084197998, -0.005738692823797464], [-0.3465312421321869, -0.9147796034812927, -0.20759163796901703, 0.11731961369514465], [0.1903688907623291, 0.14811620116233826, -0.9704746603965759, -0.7693848609924316], [0.0, 0.0, 0.0, 1.0]], [[0.9160016179084778, -0.37616026401519775, 0.13944362103939056, -0.006312220823019743], [-0.34459009766578674, -0.9157272577285767, -0.20664304494857788, 0.11646583676338196], [0.20542320609092712, 0.14123448729515076, -0.9684286713600159, -0.7685560584068298], [0.0, 0.0, 0.0, 1.0]], [[0.9137134552001953, -0.37987250089645386, 0.14430750906467438, -0.006176542956382036], [-0.34756454825401306, -0.9145653247833252, -0.20680703222751617, 0.11489485204219818], [0.21053892374038696, 0.13880617916584015, -0.9676808714866638, -0.7676759362220764], [0.0, 0.0, 0.0, 1.0]], [[0.9109293222427368, -0.38797664642333984, 0.14029215276241302, -0.0048414492048323154], [-0.356172651052475, -0.9111667275428772, -0.20716241002082825, 0.11290709674358368], [0.2082037329673767, 0.1387420892715454, -0.9681951403617859, -0.7671390771865845], [0.0, 0.0, 0.0, 1.0]], [[0.9068753719329834, -0.3985710144042969, 0.13681484758853912, -0.0026467829011380672], [-0.3666279911994934, -0.9063263535499573, -0.21013443171977997, 0.11059015989303589], [0.20775237679481506, 0.1404055953025818, -0.968052327632904, -0.7668094635009766], [0.0, 0.0, 0.0, 1.0]], [[0.8990737795829773, -0.41951707005500793, 0.12518692016601562, 0.0008286372758448124], [-0.3890606760978699, -0.8967415690422058, -0.2109176516532898, 0.10758660733699799], [0.2007438838481903, 0.14092522859573364, -0.9694544672966003, -0.7669163346290588], [0.0, 0.0, 0.0, 1.0]], [[0.8914201259613037, -0.4374273419380188, 0.11843787878751755, 0.004610192961990833], [-0.40624555945396423, -0.8871511816978455, -0.21892289817333221, 0.10414132475852966], [0.20083516836166382, 0.14703738689422607, -0.9685273766517639, -0.7683312892913818], [0.0, 0.0, 0.0, 1.0]], [[0.8816750645637512, -0.4603162109851837, 0.1037207692861557, 0.00864290352910757], [-0.43068549036979675, -0.874862790107727, -0.2216416448354721, 0.10014532506465912], [0.19276666641235352, 0.15074490010738373, -0.9695962071418762, -0.7697912454605103], [0.0, 0.0, 0.0, 1.0]], [[0.8673738837242126, -0.49267324805259705, 0.07025335729122162, 0.012933669611811638], [-0.46850061416625977, -0.8559894561767578, -0.21860730648040771, 0.09594172239303589], [0.16783811151981354, 0.15670053660869598, -0.973280668258667, -0.7714563608169556], [0.0, 0.0, 0.0, 1.0]], [[0.8543453812599182, -0.5190449953079224, 0.026196619495749474, 0.016418814659118652], [-0.5019530057907104, -0.8371748924255371, -0.21721282601356506, 0.09174594283103943], [0.13467440009117126, 0.1724252998828888, -0.9757727384567261, -0.774492621421814], [0.0, 0.0, 0.0, 1.0]], [[0.8400759696960449, -0.5424210429191589, -0.007198384962975979, 0.01901470497250557], [-0.5303837060928345, -0.8185030817985535, -0.22078445553779602, 0.0876215398311615], [0.11386622488498688, 0.18929362297058105, -0.9752960205078125, -0.7773335576057434], [0.0, 0.0, 0.0, 1.0]], [[0.8230565786361694, -0.5663453340530396, -0.042788244783878326, 0.020848413929343224], [-0.5612353086471558, -0.7994430065155029, -0.21425634622573853, 0.0839671641588211], [0.08713633567094803, 0.20035937428474426, -0.9758398532867432, -0.7798995971679688], [0.0, 0.0, 0.0, 1.0]], [[0.8106371164321899, -0.5822052359580994, -0.06248638406395912, 0.022686149924993515], [-0.580147922039032, -0.7841132283210754, -0.22044214606285095, 0.08034779131412506], [0.07934616506099701, 0.21494993567466736, -0.9733964204788208, -0.7824439406394958], [0.0, 0.0, 0.0, 1.0]], [[0.7952684164047241, -0.5991239547729492, -0.09272868186235428, 0.024245096370577812], [-0.6028585433959961, -0.7653311491012573, -0.2254546582698822, 0.07649758458137512], [0.06410715728998184, 0.2351992428302765, -0.9698306322097778, -0.7853029370307922], [0.0, 0.0, 0.0, 1.0]], [[0.7769289016723633, -0.6172580718994141, -0.12399210780858994, 0.02615663781762123], [-0.6274765729904175, -0.7430403232574463, -0.2327321171760559, 0.07210852205753326], [0.05152463912963867, 0.25861838459968567, -0.9646046161651611, -0.7880042791366577], [0.0, 0.0, 0.0, 1.0]], [[0.7548847198486328, -0.6331781148910522, -0.1709814965724945, 0.03435665741562843], [-0.654919445514679, -0.7137995958328247, -0.24813424050807953, 0.07258261740207672], [0.035066649317741394, 0.29929181933403015, -0.9535170793533325, -0.7881329655647278], [0.0, 0.0, 0.0, 1.0]], [[0.7383233904838562, -0.6413176655769348, -0.2087826430797577, 0.03435748815536499], [-0.6741126775741577, -0.691965639591217, -0.2583712935447693, 0.06823031604290009], [0.021227672696113586, 0.33150458335876465, -0.9432148337364197, -0.7936634421348572], [0.0, 0.