{"object_poses": [[[0.9989687204360962, 0.003422379493713379, -0.04527539014816284, 0.020826326683163643], [0.001187153160572052, -0.9987831711769104, -0.0493045449256897, 0.07555283606052399], [-0.045389026403427124, 0.049199968576431274, -0.9977571964263916, -0.7446836829185486], [0.0, 0.0, 0.0, 1.0]], [[0.9999048709869385, 0.008606040850281715, -0.010777592658996582, 0.02310430258512497], [0.00791717879474163, -0.9980195760726929, -0.06240484118461609, 0.07452470064163208], [-0.01129334419965744, 0.062313586473464966, -0.997992753982544, -0.7433640956878662], [0.0, 0.0, 0.0, 1.0]], [[0.9992344975471497, 0.018204107880592346, 0.034628964960575104, 0.02579386532306671], [0.02080656960606575, -0.9968646764755249, -0.07634110748767853, 0.07354333996772766], [0.033130645751953125, 0.07700316607952118, -0.9964802861213684, -0.7420233488082886], [0.0, 0.0, 0.0, 1.0]], [[0.9955332279205322, 0.034077346324920654, 0.08804670721292496, 0.028458187356591225], [0.04139304161071777, -0.9957190155982971, -0.08264563232660294, 0.07235221564769745], [0.08485341817140579, 0.0859210193157196, -0.9926818609237671, -0.7415669560432434], [0.0, 0.0, 0.0, 1.0]], [[0.9886030554771423, 0.053763359785079956, 0.1406182050704956, 0.03058331273496151], [0.06502669304609299, -0.9949262738227844, -0.07676828652620316, 0.0711560845375061], [0.13577738404273987, 0.08503729104995728, -0.9870832562446594, -0.7422020435333252], [0.0, 0.0, 0.0, 1.0]], [[0.9815235137939453, 0.06554687023162842, 0.1797640174627304, 0.031664375215768814], [0.07841377705335617, -0.9947718977928162, -0.06542351841926575, 0.07051815092563629], [0.1745358407497406, 0.07831071317195892, -0.9815317988395691, -0.743399977684021], [0.0, 0.0, 0.0, 1.0]], [[0.976487398147583, 0.0731261819601059, 0.20279264450073242, 0.0320587232708931], [0.08452710509300232, -0.9952582120895386, -0.048129141330718994, 0.07057829201221466], [0.19831153750419617, 0.06413896381855011, -0.9780382513999939, -0.7439178824424744], [0.0, 0.0, 0.0, 1.0]], [[0.9730060696601868, 0.08025974035263062, 0.21637339890003204, 0.03217430040240288], [0.09037448465824127, -0.9952110052108765, -0.03724834322929382, 0.07073791325092316], [0.2123476266860962, 0.0557975172996521, -0.9755998849868774, -0.7437521815299988], [0.0, 0.0, 0.0, 1.0]], [[0.9704861044883728, 0.08537580072879791, 0.22553879022598267, 0.032130807638168335], [0.09443763643503189, -0.9950883388519287, -0.029679864645004272, 0.07072210311889648], [0.22189703583717346, 0.05010324716567993, -0.9737821221351624, -0.742881178855896], [0.0, 0.0, 0.0, 1.0]], [[0.968411922454834, 0.09771475940942764, 0.22941261529922485, 0.0313878133893013], [0.10299935936927795, -0.9946190118789673, -0.011145174503326416, 0.07038496434688568], [0.227089062333107, 0.03442250192165375, -0.973265528678894, -0.7420125007629395], [0.0, 0.0, 0.0, 1.0]], [[0.965251088142395, 0.1174858883023262, 0.23342537879943848, 0.030412180349230766], [0.11829735338687897, -0.9929219484329224, 0.010571613907814026, 0.0691872239112854], [0.233015239238739, 0.017409339547157288, -0.9723172783851624, -0.7409982681274414], [0.0, 0.0, 0.0, 1.0]], [[0.9613258838653564, 0.1354062408208847, 0.2398282140493393, 0.029397467151284218], [0.13371527194976807, -0.9907438158988953, 0.023387327790260315, 0.06744414567947388], [0.24077509343624115, 0.009585872292518616, -0.9705336093902588, -0.7399669289588928], [0.0, 0.0, 0.0, 1.0]], [[0.9561485648155212, 0.15541474521160126, 0.24824638664722443, 0.028076590970158577], [0.151146799325943, -0.987845242023468, 0.036282360553741455, 0.06497886776924133], [0.2508678734302521, 0.002830326557159424, -0.9680172204971313, -0.7394682765007019], [0.0, 0.0, 0.0, 1.0]], [[0.9480781555175781, 0.17762789130210876, 0.2638110816478729, 0.027233116328716278], [0.1693851351737976, -0.9840770363807678, 0.053861379623413086, 0.06233806908130646], [0.26917773485183716, -0.006379127502441406, -0.9630695581436157, -0.7393620014190674], [0.0, 0.0, 0.0, 1.0]], [[0.9392410516738892, 0.19322699308395386, 0.28370705246925354, 0.02683098055422306], [0.18203195929527283, -0.9811036586761475, 0.06557415425777435, 0.05993455648422241], [0.29101675748825073, -0.009946167469024658, -0.9566662907600403, -0.7394810318946838], [0.0, 0.0, 0.0, 1.0]], [[0.931250274181366, 0.2033061385154724, 0.302389919757843, 0.02656274102628231], [0.18993344902992249, -0.9790551662445068, 0.07332372665405273, 0.05802297592163086], [0.3109634816646576, -0.01084880530834198, -0.9503600597381592, -0.7398845553398132], [0.0, 0.0, 0.0, 1.0]], [[0.9221505522727966, 0.21893589198589325, 0.3189130425453186, 0.026514260098338127], [0.20137947797775269, -0.975601077079773, 0.08745919167995453, 0.05642777681350708], [0.33027979731559753, -0.016427993774414062, -0.9437402486801147, -0.7410300374031067], [0.0, 0.0, 0.0, 1.0]], [[0.9108350276947021, 0.23475386202335358, 0.3395145833492279, 0.02737494930624962], [0.2111254185438156, -0.9717480540275574, 0.10550706088542938, 0.05563659965991974], [0.3546908497810364, -0.02441936731338501, -0.9346646070480347, -0.7436462640762329], [0.0, 0.0, 0.0, 1.0]], [[0.9006270170211792, 0.2445904016494751, 0.35923054814338684, 0.02779504843056202], [0.21950042247772217, -0.9694205522537231, 0.10974271595478058, 0.05462987720966339], [0.3750874996185303, -0.019986003637313843, -0.9267740249633789, -0.7466594576835632], [0.0, 0.0, 0.0, 1.0]], [[0.892256498336792, 0.2551601231098175, 0.37252068519592285, 0.02836994081735611], [0.22955968976020813, -0.9667865037918091, 0.11236745119094849, 0.05381523072719574], [0.3888195753097534, -0.014744862914085388, -0.9211960434913635, -0.7493231892585754], [0.0, 0.0, 0.0, 1.0]], [[0.8838021159172058, 0.2669377326965332, 0.38423678278923035, 0.029115112498402596], [0.23883649706840515, -0.9636068344116211, 0.12007912993431091, 0.05334095656871796], [0.4023068845272064, -0.014356434345245361, -0.9153923392295837, -0.7513913512229919], [0.0, 0.0, 0.0, 1.0]], [[0.8764064908027649, 0.274630606174469, 0.3955875635147095, 0.029984883964061737], [0.24744528532028198, -0.9615265727043152, 0.11932116746902466, 0.052996695041656494], [0.4131372272968292, -0.00668761134147644, -0.9106442332267761, -0.7532742023468018], [0.0, 0.0, 0.0, 1.0]], [[0.8683670163154602, 0.2830808758735657, 0.4071902930736542, 0.03133799508213997], [0.2565056383609772, -0.9590959548950195, 0.11974911391735077, 0.0527731329202652], [0.42443329095840454, 0.00046043097972869873, -0.9054591059684753, -0.7543759942054749], [0.0, 0.0, 0.0, 1.0]], [[0.8547251224517822, 0.2934654951095581, 0.4281626045703888, 0.03279479593038559], [0.2725960314273834, -0.9557178020477295, 0.1108822375535965, 0.052076131105422974], [0.4417427182197571, 0.021941587328910828, -0.8968735337257385, -0.7548349499702454], [0.0, 0.0, 0.0, 1.0]], [[0.836087703704834, 0.3092794120311737, 0.4531043767929077, 0.03458234295248985], [0.2954365909099579, -0.9497779607772827, 0.10314592719078064, 0.05178290605545044], [0.46224939823150635, 0.04762457311153412, -0.8854701519012451, -0.7550354599952698], [0.0, 0.0, 0.0, 1.0]], [[0.8048620820045471, 0.3357190489768982, 0.48937681317329407, 0.03640267252922058], [0.3276255428791046, -0.9389237761497498, 0.10527917742729187, 0.052541300654411316], [0.49483177065849304, 0.07559710741043091, -0.8656943440437317, -0.7547041177749634], [0.0, 0.0, 0.0, 1.0]], [[0.7663503289222717, 0.3693656027317047, 0.5256199836730957, 0.038122233003377914], [0.362742155790329, -0.9240674376487732, 0.12048867344856262, 0.05441315472126007], [0.5302127003669739, 0.09832800924777985, -0.8421438336372375, -0.7535697817802429], [0.0, 0.0, 0.0, 1.0]], [[0.7262586355209351, 0.39614835381507874, 0.5617960691452026, 0.039111919701099396], [0.3927716910839081, -0.9098472595214844, 0.13382208347320557, 0.056617558002471924], [0.5641621351242065, 0.12346818298101425, -0.8163803219795227, -0.7509752511978149], [0.0, 0.0, 0.0, 1.0]], [[0.6866672039031982, 0.41820424795150757, 0.5946371555328369, 0.039280399680137634], [0.4196752905845642, -0.8959397077560425, 0.1454811990261078, 0.058952778577804565], [0.5935998558998108, 0.14965735375881195, -0.7907224297523499, -0.7473618984222412], [0.0, 0.0, 0.0, 1.0]], [[0.6423492431640625, 0.44028452038764954, 0.6273253560066223, 0.038967035710811615], [0.4463479220867157, -0.8802951574325562, 0.1607923060655594, 0.06076273322105408], [0.6230257749557495, 0.176720529794693, -0.7619770169258118, -0.7436552047729492], [0.0, 0.0, 0.0, 1.0]], [[0.6015915870666504, 0.4600937068462372, 0.6529941558837891, 0.038532186299562454], [0.47304633259773254, -0.8639070987701416, 0.17289216816425323, 0.061638057231903076], [0.6436728835105896, 0.2048860341310501, -0.7373648881912231, -0.7397688031196594], [0.0, 0.0, 0.0, 1.0]], [[0.5634960532188416, 0.4730878174304962, 0.6772444844245911, 0.0381346270442009], [0.5003580451011658, -0.847765326499939, 0.17588578164577484, 0.061695635318756104], [0.6573538780212402, 0.23975376784801483, -0.7144257426261902, -0.7359989285469055], [0.0, 0.0, 0.0, 1.0]], [[0.5241950154304504, 0.4796576499938965, 0.7036676406860352, 0.03773707523941994], [0.5264440774917603, -0.832010805606842, 0.17497040331363678, 0.06133067607879639], [0.6693850159645081, 0.2787230908870697, -0.6886488795280457, -0.732439398765564], [0.0, 0.0, 0.0, 1.0]], [[0.4836091697216034, 0.4860064387321472, 0.7279558777809143, 0.03763526305556297], [0.5518275499343872, -0.8148651123046875, 0.17742934823036194, 0.06085042655467987], [0.6794176697731018, 0.31589972972869873, -0.6622679829597473, -0.7294308543205261], [0.0, 0.0, 0.0, 1.0]], [[0.4425683617591858, 0.49305102229118347, 0.7490221261978149, 0.03770503029227257], [0.5755054950714111, -0.7967339754104614, 0.1844138205051422, 0.060542792081832886], [0.6876967549324036, 0.34945058822631836, -0.6363629102706909, -0.726381242275238], [0.0, 0.0, 0.0, 1.0]], [[0.3983425796031952, 0.49859583377838135, 0.7698866724967957, 0.03803835064172745], [0.5979162454605103, -0.7776612043380737, 0.19426637887954712, 0.060652151703834534], [0.6955713033676147, 0.38294315338134766, -0.6078941226005554, -0.7233302593231201], [0.0, 0.0, 0.0, 1.0]], [[0.349679172039032, 0.5040198564529419, 0.7897394299507141, 0.038712356239557266], [0.6199585795402527, -0.7564827799797058, 0.20829109847545624, 0.061001524329185486], [0.7024071216583252, 0.41677069664001465, -0.5769977569580078, -0.7204018235206604], [0.0, 0.0, 0.0, 1.0]], [[0.29215145111083984, 0.5069578289985657, 0.8109508156776428, 0.04002390056848526], [0.6434552669525146, -0.7315182089805603, 0.2254915088415146, 0.06119556725025177], [0.707539975643158, 0.45593297481536865, -0.539918839931488, -0.7175585031509399], [0.0, 0.0, 0.0, 1.0]], [[0.22966399788856506, 0.5068398118019104, 0.830883800983429, 0.041728634387254715], [0.6717276573181152, -0.7003200650215149, 0.2415241152048111, 0.06111200153827667], [0.7042986154556274, 0.5026582479476929, -0.5012966394424438, -0.714728593826294], [0.0, 0.0, 0.0, 1.0]], [[0.1669793426990509, 0.5032161474227905, 0.847874641418457, 0.04368770122528076], [0.7029894590377808, -0.6637289524078369, 0.2554793357849121, 0.06077003479003906], [0.6913203597068787, 0.5533871650695801, -0.46458470821380615, -0.7122214436531067], [0.0, 0.0, 0.0, 1.0]], [[0.10088606178760529, 0.49909549951553345, 0.8606541156768799, 0.0459819957613945], [0.7332534790039062, -0.6219803690910339, 0.27473586797714233, 0.06025812029838562], [0.6724295020103455, 0.603360652923584, -0.4287126660346985, -0.7103061676025391], [0.0, 0.0, 0.0, 1.0]], [[0.04511107876896858, 0.49338090419769287, 0.8686426877975464, 0.04809648543596268], [0.757211446762085, -0.5840582847595215, 0.29241544008255005, 0.05933280289173126], [0.6516101360321045, 0.6445550918579102, -0.39994117617607117, -0.7088973522186279], [0.0, 0.0, 0.0, 1.0]], [[0.005906660109758377, 0.48251891136169434, 0.8758657574653625, 0.04998083412647247], [0.7757852673530579, -0.5548748970031738, 0.3004518151283264, 0.05798444151878357], [0.6309696435928345, 0.6777088642120361, -0.3776085376739502, -0.7078233361244202], [0.0, 0.0, 0.0, 1.0]], [[-0.026168938726186752, 0.47057560086250305, 0.881971538066864, 0.05166378617286682], [0.7910254001617432, -0.5297034382820129, 0.30609357357025146, 0.05616666376590729], [0.611223578453064, 0.7056719064712524, -0.3583754897117615, -0.707489013671875], [0.0, 0.0, 0.0, 1.0]], [[-0.047671977430582047, 0.4658626914024353, 0.8835718631744385, 0.05278325825929642], [0.8068201541900635, -0.5035355687141418, 0.3090197443962097, 0.054098114371299744], [0.5888707041740417, 0.7276151776313782, -0.35186290740966797, -0.7082067728042603], [0.0, 0.0, 0.0, 1.0]], [[-0.058220136910676956, 0.4708177149295807, 0.8803073763847351, 0.05350670590996742], [0.8253519535064697, -0.4733692705631256, 0.30775925517082214, 0.05209648609161377], [0.5616089701652527, 0.7444812059402466, -0.3610307276248932, -0.7100022435188293], [0.0, 0.0, 0.0, 1.0]], [[-0.0649905651807785, 0.4832543432712555, 0.873064398765564, 0.05384904146194458], [0.8436256647109985, -0.4406951069831848, 0.3067305386066437, 0.050086185336112976], [0.5329839587211609, 0.7564740777015686, -0.379044771194458, -0.7126339673995972], [0.0, 0.0, 0.0, 1.0]], [[-0.06670118868350983, 0.49453142285346985, 0.8665965795516968, 0.05381646379828453], [0.8591032028198242, -0.41324371099472046, 0.30194583535194397, 0.04793065786361694], [0.5074372291564941, 0.7646360993385315, -0.3972896933555603, -0.7154935598373413], [0.0, 0.0, 0.0, 1.0]], [[-0.06576652824878693, 0.5029043555259705, 0.861836314201355, 0.05332992598414421], [0.8729121685028076, -0.3894461989402771, 0.29386386275291443, 0.045775800943374634], [0.4834243059158325, 0.7716339230537415, -0.4133788049221039, -0.7185179591178894], [0.0, 0.0, 0.0, 1.0]], [[-0.06667868047952652, 0.5171670913696289, 0.8532832860946655, 0.05224241688847542], [0.883046567440033, -0.3675538897514343, 0.29177555441856384, 0.04420533776283264], [0.46452420949935913, 0.7729440927505493, -0.4321746528148651, -0.7215294241905212], [0.0, 0.0, 0.0, 1.0]], [[-0.06892517954111099, 0.5294691324234009, 0.8455246686935425, 0.05129694566130638], [0.8860024809837341, -0.3570604622364044, 0.2958168089389801, 0.04328618943691254], [0.4585292339324951, 0.7695260643959045, -0.44450050592422485, -0.7242149710655212], [0.0, 0.0, 0.0, 1.0]], [[-0.06960038095712662, 0.5425049066543579, 0.8371644616127014, 0.05028693750500679], [0.8865876197814941, -0.3510549068450928, 0.30120229721069336, 0.04269032180309296], [0.4572943449020386, 0.7631835341453552, -0.4565446078777313, -0.7265552878379822], [0.0, 0.0, 0.0, 1.0]], [[-0.07236830145120621, 0.5535993576049805, 0.8296328783035278, 0.04940086975693703], [0.8877629041671753, -0.34336352348327637, 0.30655938386917114, 0.04273715615272522], [0.45457664132118225, 0.7587023973464966, -0.46661636233329773, -0.7276713252067566], [0.0, 0.0, 0.0, 1.0]], [[-0.07803300023078918, 0.5577663779258728, 0.8263216614723206, 0.04844265431165695], [0.8923125267028809, -0.3305771052837372, 0.3074040114879608, 0.04271170496940613], [0.44462263584136963, 0.7613247632980347, -0.47190603613853455, -0.7282552719116211], [0.0, 0.0, 0.0, 1.0]], [[-0.08751879632472992, 0.5592473149299622, 0.8243681788444519, 0.04774129390716553], [0.9018224477767944, -0.3070446252822876, 0.30403926968574524, 0.0428142249584198], [0.423150897026062, 0.7700429558753967, -0.47746962308883667, -0.728264570236206], [0.0, 0.0, 0.0, 1.0]], [[-0.10342223942279816, 0.5670076012611389, 0.8171940445899963, 0.04693777114152908], [0.9129452705383301, -0.27196764945983887, 0.3042442500591278, 0.04320651292800903], [0.3947591781616211, 0.7775190472602844, -0.4895194470882416, -0.728096604347229], [0.0, 0.0, 0.0, 1.0]], [[-0.11748454719781876, 0.5765557289123535, 0.8085671067237854, 0.04579336196184158], [0.9243789911270142, -0.2340729981660843, 0.3012197017669678, 0.04348517954349518], [0.3629336953163147, 0.782811164855957, -0.5054560899734497, -0.7280165553092957], [0.0, 0.0, 0.0, 1.0]], [[-0.12979356944561005, 0.5805044770240784, 0.8038458228111267, 0.04531395807862282], [0.934965968132019, -0.1982758790254593, 0.2941516935825348, 0.04317227005958557], [0.3301396369934082, 0.7897475957870483, -0.5170170068740845, -0.7275536060333252], [0.0, 0.0, 0.0, 1.0]], [[-0.1393459588289261, 0.5815793871879578, 0.8014662861824036, 0.045122966170310974], [0.943602442741394, -0.1674850732088089, 0.2855929136276245, 0.0418386310338974], [0.3003285527229309, 0.7960616946220398, -0.5254413485527039, -0.7266306281089783], [0.0, 0.0, 0.0, 1.0]], [[-0.14657723903656006, 0.5836992859840393, 0.7986302375793457, 0.045073822140693665], [0.9499358534812927, -0.14214587211608887, 0.2782381772994995, 0.040915295481681824], [0.27592939138412476, 0.7994309067726135, -0.5336414575576782, -0.7256327271461487], [0.0, 0.0, 0.0, 1.0]], [[-0.15508794784545898, 0.5830607414245605, 0.7974885106086731, 0.04464489221572876], [0.9530178904533386, -0.1243203729391098, 0.27622711658477783, 0.04047837853431702], [0.26020124554634094, 0.8028602600097656, -0.5363867878913879, -0.7247610092163086], [0.0, 0.0, 0.0, 1.0]], [[-0.1553439497947693, 0.5857269763946533, 0.7954822778701782, 0.044721055775880814], [0.9553091526031494, -0.11593964695930481, 0.27192366123199463, 0.03953464329242706], [0.2515009641647339, 0.8021731972694397, -0.5415398478507996, -0.7239259481430054], [0.0, 0.0, 0.0, 1.0]], [[-0.15233546495437622, 0.5892173647880554, 0.7934839129447937, 0.04548861086368561], [0.9544296264648438, -0.12076461315155029, 0.27291053533554077, 0.03965026140213013], [0.2566283941268921, 0.7988983988761902, -0.5439698696136475, -0.7230543494224548], [0.0, 0.0, 0.0, 1.0]], [[-0.14977741241455078, 0.5861430764198303, 0.7962430119514465, 0.046697281301021576], [0.9512123465538025, -0.134286567568779, 0.2777811288833618, 0.039814457297325134], [0.26974421739578247, 0.7990015149116516, -0.5374334454536438, -0.7219563722610474], [0.0, 0.0, 0.0, 1.0]], [[-0.1575220227241516, 0.576745331287384, 0.8015930652618408, 0.047821227461099625], [0.9456040859222412, -0.14587680995464325, 0.2907799482345581, 0.03922465443611145], [0.284639835357666, 0.8037939071655273, -0.5223939418792725, -0.7209610342979431], [0.0, 0.0, 0.0, 1.0]], [[-0.17097581923007965, 0.5584045648574829, 0.811758279800415, 0.048866257071495056], [0.941564679145813, -0.15007488429546356, 0.3015519380569458, 0.03868301212787628], [0.2902125120162964, 0.815881073474884, -0.5001147985458374, -0.7208014130592346], [0.0, 0.0, 0.0, 1.0]], [[-0.18800067901611328, 0.5598359107971191, 0.8069941401481628, 0.04965787008404732], [0.937715470790863, -0.1420826017856598, 0.3170210123062134, 0.0381513386964798], [0.29213955998420715, 0.8163310289382935, -0.49825519323349, -0.7209423780441284], [0.0, 0.0, 0.0, 1.0]], [[-0.20384015142917633, 0.5840688347816467, 0.785692572593689, 0.0502035953104496], [0.9354667663574219, -0.12046615779399872, 0.33224982023239136, 0.03756821155548096], [0.2887061536312103, 0.8027150630950928, -0.5218212008476257, -0.7205131649971008], [0.0, 0.0, 0.0, 1.0]], [[-0.21270513534545898, 0.6241896152496338, 0.7517604827880859, 0.05062960088253021], [0.9382678866386414, -0.08430883288383484, 0.3354779779911041, 0.03688332438468933], [0.27278193831443787, 0.7767106294631958, -0.5677242279052734, -0.7191728949546814], [0.0, 0.0, 0.0, 1.0]], [[-0.2195887565612793, 0.6587105989456177, 0.7196395397186279, 0.05094631016254425], [0.9450976252555847, -0.03935709595680237, 0.3244093060493469, 0.03576920926570892], [0.2420147806406021, 0.751366376876831, -0.6139034032821655, -0.7168499231338501], [0.0, 0.0, 0.0, 1.0]], [[-0.2271968573331833, 0.6882282495498657, 0.689001739025116, 0.05118640139698982], [0.9516914486885071, 0.006846226751804352, 0.3069796562194824, 0.034569233655929565], [0.20655502378940582, 0.7254619598388672, -0.656536340713501, -0.7140989303588867], [0.0, 0.0, 0.0, 1.0]], [[-0.23434753715991974, 0.7119699120521545, 0.6619516611099243, 0.05094584822654724], [0.9556468725204468, 0.043771423399448395, 0.29124414920806885, 0.03365340828895569], [0.1783825308084488, 0.700844407081604, -0.6906496286392212, -0.7112576961517334], [0.0, 0.0, 0.0, 1.0]], [[-0.24136260151863098, 0.7239489555358887, 0.6462522745132446, 0.05030558258295059], [0.9561160802841187, 0.06342388689517975, 0.2860414683818817, 0.03266255557537079], [0.16609159111976624, 0.686931848526001, -0.7074874043464661, -0.7083930373191833], [0.0, 0.0, 0.0, 1.0]], [[-0.24778342247009277, 0.7250823974609375, 0.6425409317016602, 0.0493033342063427], [0.9537187814712524, 0.06593044102191925, 0.2933831214904785, 0.031463757157325745], [0.1703639030456543, 0.6854988932609558, -0.7078611850738525, -0.7055506110191345], [0.0, 0.0, 0.0, 1.0]], [[-0.2557384669780731, 0.7150811553001404, 0.6505817770957947, 0.04814140871167183], [0.9486700892448425, 0.056100450456142426, 0.311252236366272, 0.030342712998390198], [0.1860726922750473, 0.6967865824699402, -0.6927232146263123, -0.7031660079956055], [0.0, 0.0, 0.0, 1.0]], [[-0.2664512097835541, 0.6982741951942444, 0.6643921732902527, 0.04671818017959595], [0.9421787261962891, 0.04335033893585205, 0.33229511976242065, 0.02937448024749756], [0.20323148369789124, 0.7145165205001831, -0.6694498658180237, -0.7010635137557983], [0.0, 0.0, 0.0, 1.0]], [[-0.27885541319847107, 0.6830283403396606, 0.6750643849372864, 0.04514600336551666], [0.935894250869751, 0.03571109473705292, 0.3504665493965149, 0.02815087139606476], [0.21527129411697388, 0.7295183539390564, -0.6492005586624146, -0.6992055177688599], [0.0, 0.0, 0.0, 1.0]], [[-0.29251787066459656, 0.6809536814689636, 0.6713683605194092, 0.044578567147254944], [0.9305583238601685, 0.041023992002010345, 0.3638382852077484, 0.027407556772232056], [0.22021479904651642, 0.731176495552063, -0.6456674337387085, -0.6971104741096497], [0.0, 0.0, 0.0, 1.0]], [[-0.30943766236305237, 0.6853954195976257, 0.659152090549469, 0.04487282410264015], [0.926345705986023, 0.06070348620414734, 0.3717508912086487, 0.027079463005065918], [0.2147834748029709, 0.7256364822387695, -0.6536971926689148, -0.6952167749404907], [0.0, 0.0, 0.0, 1.0]], [[-0.3288118541240692, 0.689714252948761, 0.6451177597045898, 0.04532068595290184], [0.9231730103492737, 0.09074113517999649, 0.3735206127166748, 0.026691138744354248], [0.19908377528190613, 0.7183733582496643, -0.6665624380111694, -0.6935513019561768], [0.0, 0.0, 0.0, 1.0]], [[-0.3441764712333679, 0.6818627715110779, 0.6454499363899231, 0.04481327906250954], [0.9213725328445435, 0.11305481195449829, 0.37187525629997253, 0.025942504405975342], [0.18059663474559784, 0.7226906418800354, -0.6671604514122009, -0.6930594444274902], [0.0, 0.0, 0.0, 1.0]], [[-0.3527423143386841, 0.6743423938751221, 0.648717999458313, 0.04431390017271042], [0.9213695526123047, 0.12935687601566315, 0.3665309250354767, 0.025851815938949585], [0.16325120627880096, 0.7270000576972961, -0.6669482588768005, -0.6932262182235718], [0.0, 0.0, 0.0, 1.0]], [[-0.35942161083221436, 0.6727502942085266, 0.6467017531394958, 0.04364233464002609], [0.9216471910476685, 0.1473209112882614, 0.35897499322891235, 0.02581566572189331], [0.14622782170772552, 0.7250542640686035, -0.672988772392273, -0.6933431029319763], [0.0, 0.0, 0.0, 1.0]], [[-0.36337950825691223, 0.666645884513855, 0.650798499584198, 0.0431317463517189], [0.9237225651741028, 0.16692492365837097, 0.3447795808315277, 0.02661609649658203], [0.12121137976646423, 0.7264429926872253, -0.6764528751373291, -0.6932371854782104], [0.0, 0.0, 0.0, 1.0]], [[-0.36150649189949036, 0.6525623202323914, 0.6659395098686218, 0.04255562275648117], [0.9283115267753601, 0.18534879386425018, 0.3223100006580353, 0.02805238962173462], [0.08689630031585693, 0.7347162961959839, -0.6727859973907471, -0.6936987638473511], [0.0, 0.0, 0.0, 1.0]], [[-0.3672865331172943, 0.6290184855461121, 0.6851542592048645, 0.041870858520269394], [0.9289634823799133, 0.21155448257923126, 0.30376240611076355, 0.029382780194282532], [0.04612469673156738, 0.7480511665344238, -0.6620362997055054, -0.6937057375907898], [0.0, 0.0, 0.0, 1.0]], [[-0.3759646713733673, 0.5934337377548218, 0.7116790413856506, 0.04101511463522911], [0.926571249961853, 0.24970512092113495, 0.2812708616256714, 0.03144575655460358], [-0.010794267058372498, 0.765169084072113, -0.6437389254570007, -0.6932311058044434], [0.0, 0.0, 0.0, 1.0]], [[-0.3905025124549866, 0.5484611392021179, 0.7393905520439148, 0.04000398889183998], [0.9168223738670349, 0.30439549684524536, 0.2584187686443329, 0.03398577868938446], [-0.08333449065685272, 0.7788028717041016, -0.6217086315155029, -0.6927052736282349], [0.0, 0.0, 0.0, 1.0]], [[-0.4073365032672882, 0.5020411014556885, 0.762910008430481, 0.03900635987520218], [0.9007691740989685, 0.3586365878582001, 0.2449382245540619, 0.036623865365982056], [-0.1506383717060089, 0.7869780659675598, -0.5983089804649353, -0.6917436122894287], [0.0, 0.0, 0.0, 1.0]], [[-0.4231618344783783, 0.4519173800945282, 0.7853055596351624, 0.03799997642636299], [0.8825194239616394, 0.401843398809433, 0.24429790675640106, 0.03943721950054169], [-0.20516736805438995, 0.7964248657226562, -0.5688706636428833, -0.6903753876686096], [0.0, 0.0, 0.0, 1.0]], [[-0.431063711643219, 0.4036078453063965, 0.8070221543312073, 0.03701813519001007], [0.8658372163772583, 0.43677252531051636, 0.24404054880142212, 0.04282873868942261], [-0.25398844480514526, 0.8039467930793762, -0.5377355217933655, -0.6886502504348755], [0.0, 0.0, 0.0, 1.0]], [[-0.43440893292427063, 0.3547767996788025, 0.8279023170471191, 0.03587554022669792], [0.8466847538948059, 0.47440284490585327, 0.24097084999084473, 0.046359702944755554], [-0.3072683811187744, 0.8056522011756897, -0.5064689517021179, -0.6868264675140381], [0.0, 0.0, 0.0, 1.0]], [[-0.43711021542549133, 0.30160069465637207, 0.8473321199417114, 0.034748539328575134], [0.8209300637245178, 0.5186636447906494, 0.23887641727924347, 0.04967302083969116], [-0.3674349784851074, 0.8000157475471497, -0.47430625557899475, -0.6848932504653931], [0.0, 0.0, 0.0, 1.0]], [[-0.4351489841938019, 0.24759113788604736, 0.8656466007232666, 0.03354208916425705], [0.7914977073669434, 0.5634703040122986, 0.2367122918367386, 0.053079307079315186], [-0.4291582703590393, 0.7881624102592468, -0.4411613345146179, -0.6827697157859802], [0.0, 0.0, 0.0, 1.0]], [[-0.42587313055992126, 0.18977728486061096, 0.8846563100814819, 0.03236377239227295], [0.7606123089790344, 0.6046134829521179, 0.23645621538162231, 0.05628962814807892], [-0.4900010824203491, 0.77358078956604, -0.4018356204032898, -0.6803084015846252], [0.0, 0.0, 0.0, 1.0]], [[-0.407062828540802, 0.13166114687919617, 0.9038613438606262, 0.031039968132972717], [0.7318810820579529, 0.6390684843063354, 0.23651984333992004, 0.05923236906528473], [-0.5464887619018555, 0.7577974200248718, -0.35650134086608887, -0.6768090128898621], [0.0, 0.0, 0.0, 1.0]], [[-0.3717344403266907, 0.07182319462299347, 0.925556480884552, 0.029822496697306633], [0.703437089920044, 0.6723964810371399, 0.23034584522247314, 0.06218844652175903], [-0.6057968139648438, 0.7366982102394104, -0.3004760444164276, -0.6729139685630798], [0.0, 0.0, 0.0, 1.0]], [[-0.32796069979667664, 0.012784349732100964, 0.9446048736572266, 0.028674853965640068], [0.6723397374153137, 0.7055748701095581, 0.22388271987438202, 0.06464745104312897], [-0.6636272668838501, 0.7085201740264893, -0.2399962842464447, -0.6687974333763123], [0.0, 0.0, 0.0, 1.0]], [[-0.2801048457622528, -0.04546608030796051, 0.9588921070098877, 0.0275263674557209], [0.6367025971412659, 0.7387564778327942, 0.22101742029190063, 0.06715954840183258], [-0.718436598777771, 0.6724371910095215, -0.1779809147119522, -0.6647643446922302], [0.0, 0.0, 0.0, 1.0]], [[-0.22986900806427002, -0.10095728188753128, 0.9679709076881409, 0.02654951810836792], [0.5990514159202576, 0.7691802978515625, 0.22248366475105286, 0.0695306807756424], [-0.7670056819915771, 0.6310065388679504, -0.11633211374282837, -0.6612147688865662], [0.0, 0.0, 0.0, 1.0]], [[-0.18442481756210327, -0.14825944602489471, 0.9715999960899353, 0.026021279394626617], [0.5633319020271301, 0.7941188812255859, 0.22810623049736023, 0.07181073725223541], [-0.8053848147392273, 0.5894017219543457, -0.062935970723629, -0.6582650542259216], [0.0, 0.0, 0.0, 1.0]], [[-0.14391320943832397, -0.17853227257728577, 0.9733524918556213, 0.026222212240099907], [0.5328314304351807, 0.8148596286773682, 0.22824230790138245, 0.07374900579452515], [-0.8338943123817444, 0.5514799356460571, -0.02214142680168152, -0.6561943888664246], [0.0, 0.0, 0.0, 1.0]], [[-0.10394920408725739, -0.2066602259874344, 0.97287517786026, 0.026484016329050064], [0.5016034841537476, 0.8337678909301758, 0.23070581257343292, 0.07585276663303375], [-0.8588298559188843, 0.5119792222976685, 0.01699197292327881, -0.6548852324485779], [0.0, 0.0, 0.0, 1.0]], [[-0.06225491315126419, -0.23303870856761932, 0.9704726934432983, 0.026558712124824524], [0.4656534790992737, 0.8532601594924927, 0.23476380109786987, 0.07816159725189209], [-0.882774829864502, 0.46651917695999146, 0.05539560317993164, -0.6540455222129822], [0.0, 0.0, 0.0, 1.0]], [[-0.013311651535332203, -0.2615434527397156, 0.9651000499725342, 0.026143085211515427], [0.4251709580421448, 0.8721044063568115, 0.2422058880329132, 0.08046866953372955], [-0.9050152897834778, 0.41355663537979126, 0.09959150105714798, -0.6534016132354736], [0.0, 0.0, 0.0, 1.0]], [[0.043825745582580566, -0.28926026821136475, 0.9562466740608215, 0.025202978402376175], [0.38404351472854614, 0.8884968161582947, 0.2511651813983917, 0.08295592665672302], [-0.9222742915153503, 0.3562328815460205, 0.1500275731086731, -0.6527805924415588], [0.0, 0.0, 0.0, 1.0]], [[0.11281704157590866, -0.3184414803981781, 0.9412053823471069, 0.023428870365023613], [0.3375856876373291, 0.903188943862915, 0.26511478424072266, 0.08528932929039001], [-0.9345097541809082, 0.2878279387950897, 0.20939640700817108, -0.6520518064498901], [0.0, 0.0, 0.0, 1.0]], [[0.18489696085453033, -0.3445437252521515, 0.9203817844390869, 0.02093013934791088], [0.2933526635169983, 0.9131825566291809, 0.2829166054725647, 0.08774574100971222], [-0.9379538297653198, 0.21768604218959808, 0.2699175179004669, -0.6516655087471008], [0.0, 0.0, 0.0, 1.0]], [[0.25641998648643494, -0.36341139674186707, 0.8956456780433655, 0.018141936510801315], [0.24902328848838806, 0.9201842546463013, 0.3020736575126648, 0.09029781818389893], [-0.9339359402656555, 0.14557890594005585, 0.32645153999328613, -0.6513397693634033], [0.0, 0.0, 0.0, 1.0]], [[0.3220941424369812, -0.37684202194213867, 0.8684729933738708, 0.015173235908150673], [0.20769917964935303, 0.9231401681900024, 0.3235325217247009, 0.09251219779253006], [-0.9236429929733276, 0.07617320120334625, 0.3756077289581299, -0.6515652537345886], [0.0, 0.0, 0.0, 1.0]], [[0.3741573691368103, -0.382266104221344, 0.8449135422706604, 0.012622597627341747], [0.1763509213924408, 0.9237942099571228, 0.3398599326610565, 0.09446975588798523], [-0.910443127155304, 0.0218401700258255, 0.41305744647979736, -0.652029812335968], [0.0, 0.0, 0.0, 1.0]], [[0.4184153378009796, -0.38453659415245056, 0.822836697101593, 0.010432055220007896], [0.1499847024679184, 0.9227681756019592, 0.3549697995185852, 0.09618085622787476], [-0.8957862854003906, -0.02511189877986908, 0.4437750279903412, -0.6527363061904907], [0.0, 0.0, 0.0, 1.0]], [[0.4489041566848755, -0.3903977572917938, 0.8037876486778259, 0.00882861390709877], [0.13625425100326538, 0.9189004302024841, 0.3702116906642914, 0.09777137637138367], [-0.8831307291984558, -0.05667008459568024, 0.46569156646728516, -0.6538938283920288], [0.0, 0.0, 0.0, 1.0]], [[0.46516525745391846, -0.3871431350708008, 0.7960788011550903, 0.008251810446381569], [0.12642714381217957, 0.9191322326660156, 0.3731115460395813, 0.09866100549697876], [-0.8761491775512695, -0.07291256636381149, 0.47649386525154114, -0.6550352573394775], [0.0, 0.0, 0.0, 1.0]], [[0.4810602366924286, -0.3824033737182617, 0.7888908386230469, 0.008112028241157532], [0.11367553472518921, 0.9194654822349548, 0.3763790726661682, 0.09919358789920807], [-0.8692865371704102, -0.09138339757919312, 0.4857882261276245, -0.6564352512359619], [0.0, 0.0, 0.0, 1.0]], [[0.502210259437561, -0.3809641897678375, 0.7763060927391052, 0.008122951723635197], [0.094095379114151, 0.9164720773696899, 0.388876736164093, 0.10004253685474396], [-0.8596109747886658, -0.12225104868412018, 0.4961085915565491, -0.6580904126167297], [0.0, 0.0, 0.0, 1.0]], [[0.5282622575759888, -0.3732871115207672, 0.7626242637634277, 0.00822039507329464], [0.07017908990383148, 0.9142982363700867, 0.39891573786735535, 0.1008891761302948], [-0.8461760878562927, -0.15721182525157928, 0.5091862082481384, -0.6596925854682922], [0.0, 0.0, 0.0, 1.0]], [[0.5611554384231567, -0.36498698592185974, 0.7428924441337585, 0.007976759225130081], [0.04407215118408203, 0.9094292521476746, 0.4135168194770813, 0.101933553814888], [-0.8265363574028015, -0.19930632412433624, 0.5264169573783875, -0.6610713005065918], [0.0, 0.0, 0.0, 1.0]], [[0.5969791412353516, -0.360108345746994, 0.7168946266174316, 0.0077379788272082806], [0.015395358204841614, 0.8985751867294312, 0.4385494589805603, 0.10308271646499634], [-0.8021090626716614, -0.2507680356502533, 0.5419746041297913, -0.662571370601654], [0.0, 0.0, 0.0, 1.0]], [[0.6324735879898071, -0.3464072048664093, 0.692805290222168, 0.00750518636777997], [-0.013526007533073425, 0.8893492221832275, 0.4570285677909851, 0.10400666296482086], [-0.7744637727737427, -0.2984294295310974, 0.5578043460845947, -0.6639551520347595], [0.0, 0.0, 0.0, 1.0]], [[0.666945219039917, -0.33109474182128906, 0.6675031185150146, 0.007113164756447077], [-0.03863382339477539, 0.8792774677276611, 0.47474056482315063, 0.10473546385765076], [-0.7441046237945557, -0.34241414070129395, 0.5736384391784668, -0.664785623550415], [0.0, 0.0, 0.0, 1.0]], [[0.6962662935256958, -0.32208696007728577, 0.6414618492126465, 0.006747182924300432], [-0.0569736585021019, 0.8660516142845154, 0.49669790267944336, 0.10539832711219788], [-0.7155189514160156, -0.3823804259300232, 0.5846520662307739, -0.6656820774078369], [0.0, 0.0, 0.0, 1.0]], [[0.7209059000015259, -0.3093131482601166, 0.6201775670051575, 0.006394090596586466], [-0.07971248775720596, 0.8519273400306702, 0.5175576210021973, 0.10604022443294525], [-0.6884335279464722, -0.4225462079048157, 0.5895033478736877, -0.6666139364242554], [0.0, 0.0, 0.0, 1.0]], [[0.7398447394371033, -0.2940155565738678, 0.605131983757019, 0.006417418364435434], [-0.09775196015834808, 0.8429304361343384, 0.5290680527687073, 0.10637800395488739], [-0.6656383275985718, -0.45058101415634155, 0.5948970913887024, -0.6673137545585632], [0.0, 0.0, 0.0, 1.0]], [[0.752204954624176, -0.279622346162796, 0.5966565608978271, 0.006587302312254906], [-0.10845598578453064, 0.8406051993370056, 0.5306790471076965, 0.10632257163524628], [-0.6499422788619995, -0.4638904333114624, 0.6019807457923889, -0.6677643656730652], [0.0, 0.0, 0.0, 1.0]], [[0.7628771066665649, -0.27412116527557373, 0.5855562686920166, 0.006281058304011822], [-0.11655034124851227, 0.8325286507606506, 0.5415830016136169, 0.10627338290214539], [-0.6359517574310303, -0.4814080595970154, 0.6031681895256042, -0.6684759259223938], [0.0, 0.0, 0.0, 1.0]], [[0.7754662036895752, -0.27400341629981995, 0.5688360333442688, 0.00590114900842309], [-0.12089769542217255, 0.8198195695877075, 0.5597140192985535, 0.10620638728141785], [-0.6197063326835632, -0.5028102397918701, 0.6026160717010498, -0.6691058874130249], [0.0, 0.0, 0.0, 1.0]], [[0.7922481298446655, -0.263249009847641, 0.5504931807518005, 0.005283404607325792], [-0.12797437608242035, 0.8104082942008972, 0.5717175602912903, 0.10575810074806213], [-0.5966283679008484, -0.5233912467956543, 0.6083554029464722, -0.6695573329925537], [0.0, 0.0, 0.0, 1.0]], [[0.8110875487327576, -0.24854011833667755, 0.5294947624206543, 0.004494586493819952], [-0.14250501990318298, 0.7939952611923218, 0.5909854769706726, 0.10557036101818085], [-0.567300021648407, -0.5547966957092285, 0.60858154296875, -0.6702846884727478], [0.0, 0.0, 0.0, 1.0]], [[0.8311323523521423, -0.22643224895000458, 0.507885217666626, 0.003661820199340582], [-0.16331347823143005, 0.7736675143241882, 0.6121823787689209, 0.10546875], [-0.5315521955490112, -0.5917490720748901, 0.6060407161712646, -0.6711331009864807], [0.0, 0.0, 0.0, 1.0]], [[0.852421224117279, -0.19168971478939056, 0.4864494502544403, 0.0028957845643162727], [-0.19370001554489136, 0.7483949661254883, 0.6343384981155396, 0.10542695224285126], [-0.48565244674682617, -0.6349488496780396, 0.6008174419403076, -0.672543466091156], [0.0, 0.0, 0.0, 1.0]], [[0.8727471828460693, -0.15772438049316406, 0.4619905948638916, 0.0020190970972180367], [-0.22292080521583557, 0.7131726741790771, 0.6645984649658203, 0.10565105080604553], [-0.4343024790287018, -0.6830137372016907, 0.5872593522071838, -0.6746534109115601], [0.0, 0.0, 0.0, 1.0]], [[0.8920771479606628, -0.1297396421432495, 0.43285781145095825, 0.0013281982392072678], [-0.2381591647863388, 0.6790755987167358, 0.694360613822937, 0.10562320053577423], [-0.38402920961380005, -0.7225123643875122, 0.5748891234397888, -0.6770704388618469], [0.0, 0.0, 0.0, 1.0]], [[0.9100189805030823, -0.10957387834787369, 0.3998238146305084, 0.0004521990194916725], [-0.24316775798797607, 0.6400216817855835, 0.7288634777069092, 0.10526178777217865], [-0.3357602655887604, -0.7605037689208984, 0.5557870864868164, -0.6800935864448547], [0.0, 0.0, 0.0, 1.0]], [[0.9241824150085449, -0.08634711802005768, 0.3720632791519165, -0.00015446171164512634], [-0.25305676460266113, 0.5912158489227295, 0.7657846808433533, 0.10484252870082855], [-0.2860930263996124, -0.8018778562545776, 0.5245405435562134, -0.6835753917694092], [0.0, 0.0, 0.0, 1.0]], [[0.9350256323814392, -0.05195743590593338, 0.3507527709007263, -0.00043568387627601624], [-0.26447612047195435, 0.5566900968551636, 0.7874951362609863, 0.10400320589542389], [-0.23617681860923767, -0.8290938138961792, 0.5067780017852783, -0.6865103840827942], [0.0, 0.0, 0.0, 1.0]], [[0.9428823590278625, -0.01830117404460907, 0.33262258768081665, -0.0004952549934387207], [-0.27220118045806885, 0.5332813262939453, 0.800947904586792, 0.10313665866851807], [-0.19203972816467285, -0.8457399606704712, 0.49783995747566223, -0.6886826157569885], [0.0, 0.0, 0.0, 1.0]], [[0.9492415189743042, 0.007455907762050629, 0.31445983052253723, -0.0008605513721704483], [-0.2730528712272644, 0.5158178806304932, 0.8120185732841492, 0.10195311903953552], [-0.15614968538284302, -0.856665849685669, 0.4916715621948242, -0.6903730630874634], [0.0, 0.0, 0.0, 1.0]], [[0.9552954435348511, 0.02118944749236107, 0.29489272832870483, -0.0011299983598291874], [-0.2673792243003845, 0.48757392168045044, 0.8311318159103394, 0.10064797103404999], [-0.12617076933383942, -0.8728245496749878, 0.4714428186416626, -0.6923937797546387], [0.0, 0.0, 0.0, 1.0]], [[0.9609383940696716, 0.03414837643504143, 0.27464771270751953, -0.0011904044076800346], [-0.2597830295562744, 0.4535284638404846, 0.852540135383606, 0.09908241033554077], [-0.09544771909713745, -0.890587329864502, 0.44468414783477783, -0.6949635148048401], [0.0, 0.0, 0.0, 1.0]], [[0.9648124575614929, 0.04896976798772812, 0.25833866000175476, -0.0010443762876093388], [-0.2547767162322998, 0.41701066493988037, 0.8724626302719116, 0.09726868569850922], [-0.06500571966171265, -0.9075814485549927, 0.4148135185241699, -0.6981626749038696], [0.0, 0.0, 0.0, 1.0]], [[0.9673445820808411, 0.05493964999914169, 0.24743908643722534, -0.001268880907446146], [-0.24927747249603271, 0.3829303979873657, 0.8895083665847778, 0.09550085663795471], [-0.045882657170295715, -0.9221420288085938, 0.3841208219528198, -0.7015740275382996], [0.0, 0.0, 0.0, 1.0]], [[0.9707943797111511, 0.055281274020671844, 0.2334567904472351, -0.0023768101818859577], [-0.23791983723640442, 0.34699690341949463, 0.9071865081787109, 0.0936901718378067], [-0.030858345329761505, -0.9362356662750244, 0.3500152826309204, -0.7052417397499084], [0.0, 0.0, 0.0, 1.0]], [[0.9752103686332703, 0.05362801253795624, 0.214682936668396, -0.003902910742908716], [-0.220663920044899, 0.