{"object_poses": [[[-0.7536793351173401, 0.3076278865337372, 0.5808034539222717, 0.042709141969680786], [-0.39609435200691223, -0.9177865982055664, -0.02787761390209198, 0.06073819100856781], [0.5244776010513306, -0.251063734292984, 0.8135665655136108, -0.7658564448356628], [0.0, 0.0, 0.0, 1.0]], [[-0.8189793825149536, 0.33661288022994995, 0.46471983194351196, 0.04314715415239334], [-0.42047321796417236, -0.9031409025192261, -0.08682660758495331, 0.06204544007778168], [0.39048051834106445, -0.2665114402770996, 0.8811904788017273, -0.7620647549629211], [0.0, 0.0, 0.0, 1.0]], [[-0.852825939655304, 0.3760818541049957, 0.3622850477695465, 0.043448664247989655], [-0.4475751519203186, -0.8838263154029846, -0.1361156553030014, 0.06258577108383179], [0.2690064311027527, -0.27823272347450256, 0.9220749139785767, -0.7585722804069519], [0.0, 0.0, 0.0, 1.0]], [[-0.8669094443321228, 0.41683411598205566, 0.2733446955680847, 0.04312586411833763], [-0.4685995280742645, -0.8684678077697754, -0.16179712116718292, 0.06275297701358795], [0.16994845867156982, -0.2683526277542114, 0.9482111930847168, -0.7559481263160706], [0.0, 0.0, 0.0, 1.0]], [[-0.8705986142158508, 0.4543602466583252, 0.1887187957763672, 0.04204047843813896], [-0.48621314764022827, -0.853185772895813, -0.18886734545230865, 0.06258207559585571], [0.07519835978746414, -0.2561851739883423, 0.9636983275413513, -0.7530802488327026], [0.0, 0.0, 0.0, 1.0]], [[-0.8612253069877625, 0.4921601414680481, 0.12676532566547394, 0.04022140055894852], [-0.5082234144210815, -0.8341155052185059, -0.21438387036323547, 0.06184615194797516], [0.0002257227897644043, -0.24905788898468018, 0.9684886932373047, -0.7502191066741943], [0.0, 0.0, 0.0, 1.0]], [[-0.8453683853149414, 0.530038595199585, 0.0664181262254715, 0.03779713809490204], [-0.5291635990142822, -0.8139194846153259, -0.2398354858160019, 0.06060892343521118], [-0.07306305319070816, -0.23789535462856293, 0.9685388803482056, -0.7475489974021912], [0.0, 0.0, 0.0, 1.0]], [[-0.8215365409851074, 0.570081889629364, 0.009178075939416885, 0.03463843837380409], [-0.5511738061904907, -0.7899636030197144, -0.2686353623867035, 0.05851714313030243], [-0.14589381217956543, -0.22575250267982483, 0.963198184967041, -0.7454017400741577], [0.0, 0.0, 0.0, 1.0]], [[-0.7899869084358215, 0.6118179559707642, -0.03999558091163635, 0.0313655249774456], [-0.5756593942642212, -0.762588620185852, -0.2950846552848816, 0.05602170526981354], [-0.21103829145431519, -0.21008914709091187, 0.9546337723731995, -0.7441765666007996], [0.0, 0.0, 0.0, 1.0]], [[-0.7551504373550415, 0.650546669960022, -0.08085084706544876, 0.027700789272785187], [-0.5986732840538025, -0.7346150875091553, -0.31926649808883667, 0.053114309906959534], [-0.2670919895172119, -0.19269099831581116, 0.9442097544670105, -0.7438669800758362], [0.0, 0.0, 0.0, 1.0]], [[-0.7216945886611938, 0.6827085614204407, -0.11430642753839493, 0.024140743538737297], [-0.6169894337654114, -0.7093008756637573, -0.34090545773506165, 0.050287872552871704], [-0.31381669640541077, -0.17550382018089294, 0.9331225156784058, -0.7442664504051208], [0.0, 0.0, 0.0, 1.0]], [[-0.6938598155975342, 0.7070654630661011, -0.13644443452358246, 0.02068549394607544], [-0.6321335434913635, -0.6888113021850586, -0.3548891544342041, 0.0474935919046402], [-0.3449142575263977, -0.15999215841293335, 0.9248982667922974, -0.7452359199523926], [0.0, 0.0, 0.0, 1.0]], [[-0.6791597604751587, 0.7203391194343567, -0.14090272784233093, 0.018012922257184982], [-0.6415123343467712, -0.6758300065994263, -0.36292678117752075, 0.045031070709228516], [-0.35665661096572876, -0.15609443187713623, 0.9211030006408691, -0.7455136775970459], [0.0, 0.0, 0.0, 1.0]], [[-0.6768679618835449, 0.724586546421051, -0.12970778346061707, 0.01624687761068344], [-0.6458948850631714, -0.6691462397575378, -0.36750954389572144, 0.04318590462207794], [-0.3530859649181366, -0.1649778038263321, 0.9209303259849548, -0.7450741529464722], [0.0, 0.0, 0.0, 1.0]], [[-0.6834005117416382, 0.7208276391029358, -0.11563441902399063, 0.014990786090493202], [-0.6469413638114929, -0.6713565587997437, -0.36159005761146545, 0.04190206527709961], [-0.3382760286331177, -0.17230215668678284, 0.9251386523246765, -0.7451438307762146], [0.0, 0.0, 0.0, 1.0]], [[-0.6930679082870483, 0.7124029397964478, -0.11017707735300064, 0.014400248415768147], [-0.6427515745162964, -0.6798998117446899, -0.352996826171875, 0.041057124733924866], [-0.3263852596282959, -0.17383423447608948, 0.9291148781776428, -0.7464722394943237], [0.0, 0.0, 0.0, 1.0]], [[-0.7053725123405457, 0.7020768523216248, -0.0976613312959671, 0.013926191255450249], [-0.628464937210083, -0.6831523776054382, -0.3719335198402405, 0.04121926426887512], [-0.3278435468673706, -0.20097500085830688, 0.9231076240539551, -0.7476692199707031], [0.0, 0.0, 0.0, 1.0]], [[-0.712986409664154, 0.6985512375831604, -0.060635700821876526, 0.012287989258766174], [-0.613446831703186, -0.6633251905441284, -0.42858225107192993, 0.04333081841468811], [-0.3396078050136566, -0.2683764696121216, 0.901465892791748, -0.7491756081581116], [0.0, 0.0, 0.0, 1.0]], [[-0.7044262290000916, 0.7097467184066772, 0.006587491370737553, 0.00915906485170126], [-0.6192891001701355, -0.6100591421127319, -0.4942763149738312, 0.04748755693435669], [-0.34679219126701355, -0.3522607088088989, 0.8692799806594849, -0.750580370426178], [0.0, 0.0, 0.0, 1.0]], [[-0.6855859756469727, 0.7192538976669312, 0.1124533861875534, 0.004134630784392357], [-0.6428401470184326, -0.5256330966949463, -0.5571953058242798, 0.054246559739112854], [-0.3416556417942047, -0.45429474115371704, 0.8227319717407227, -0.7511722445487976], [0.0, 0.0, 0.0, 1.0]], [[-0.6692386865615845, 0.7025234699249268, 0.24203386902809143, -0.0022191032767295837], [-0.6577810049057007, -0.4086272716522217, -0.6327305436134338, 0.06182977557182312], [-0.3456064462661743, -0.5826530456542969, 0.7355756759643555, -0.7494872212409973], [0.0, 0.0, 0.0, 1.0]], [[-0.6588404774665833, 0.6530658602714539, 0.3734087646007538, -0.008383234962821007], [-0.6639306545257568, -0.2713783383369446, -0.6968141794204712, 0.06843461096286774], [-0.35373055934906006, -0.7070068717002869, 0.6123855113983154, -0.7454937100410461], [0.0, 0.0, 0.0, 1.0]], [[-0.678198516368866, 0.5513518452644348, 0.48585793375968933, -0.013214180245995522], [-0.6494351625442505, -0.1402556449174881, -0.7473703026771545, 0.07210622727870941], [-0.34391966462135315, -0.8223986625671387, 0.453188419342041, -0.7395543456077576], [0.0, 0.0, 0.0, 1.0]], [[-0.7272574305534363, 0.4070633351802826, 0.5526266098022461, -0.015644613653421402], [-0.6152051687240601, -0.029595017433166504, -0.7878113985061646, 0.0726504921913147], [-0.3043341636657715, -0.912920355796814, 0.27195069193840027, -0.7324157953262329], [0.0, 0.0, 0.0, 1.0]], [[-0.780254065990448, 0.24881747364997864, 0.5738410949707031, -0.016436520963907242], [-0.5779258012771606, 0.0640343427658081, -0.8135733604431152, 0.07226777076721191], [-0.23917686939239502, -0.9664312601089478, 0.09383497387170792, -0.7245895862579346], [0.0, 0.0, 0.0, 1.0]], [[-0.827075719833374, 0.08931130915880203, 0.554949939250946, -0.014944348484277725], [-0.5375828742980957, 0.16266846656799316, -0.8273716568946838, 0.07096914947032928], [-0.16416649520397186, -0.9826303720474243, -0.08652691543102264, -0.7168917655944824], [0.0, 0.0, 0.0, 1.0]], [[-0.8600146770477295, -0.046448856592178345, 0.5081509947776794, -0.012067600153386593], [-0.5010705590248108, 0.2651135325431824, -0.8237981200218201, 0.0694204717874527], [-0.0964532420039177, -0.963097870349884, -0.2512756586074829, -0.7104107141494751], [0.0, 0.0, 0.0, 1.0]], [[-0.8791424632072449, -0.17963002622127533, 0.4414086639881134, -0.0096055269241333], [-0.47630295157432556, 0.3615647852420807, -0.8015026450157166, 0.06833575665950775], [-0.015623852610588074, -0.9148792624473572, -0.4034252166748047, -0.7065720558166504], [0.0, 0.0, 0.0, 1.0]], [[-0.8822700381278992, -0.303646981716156, 0.3597196340560913, -0.0075577665120363235], [-0.46382081508636475, 0.43015602231025696, -0.7744909524917603, 0.06718651950359344], [0.08043625950813293, -0.8501555323600769, -0.5203515291213989, -0.7055374979972839], [0.0, 0.0, 0.0, 1.0]], [[-0.8665869832038879, -0.4317823350429535, 0.25018197298049927, -0.005083402618765831], [-0.4557191729545593, 0.48046058416366577, -0.7493181228637695, 0.06572338938713074], [0.20333975553512573, -0.7633620500564575, -0.6131323575973511, -0.7062144875526428], [0.0, 0.0, 0.0, 1.0]], [[-0.8408502340316772, -0.5253694653511047, 0.13022221624851227, -0.002379570621997118], [-0.44350573420524597, 0.5308254957199097, -0.7221682667732239, 0.0648823231458664], [0.310279905796051, -0.6649895906448364, -0.6793490648269653, -0.7084707021713257], [0.0, 0.0, 0.0, 1.0]], [[-0.8181078433990479, -0.5741439461708069, 0.032531894743442535, -6.389804184436798e-06], [-0.43257415294647217, 0.5771347284317017, -0.692672610282898, 0.06472471356391907], [0.37891843914985657, -0.5807533264160156, -0.7205182313919067, -0.7120024561882019], [0.0, 0.0, 0.0, 1.0]], [[-0.8023504018783569, -0.5953117609024048, -0.042866483330726624, 0.0022471039555966854], [-0.4187854826450348, 0.6126934289932251, -0.6702427864074707, 0.06431223452091217], [0.42526745796203613, -0.5198178291320801, -0.740902841091156, -0.7168152928352356], [0.0, 0.0, 0.0, 1.0]], [[-0.7916539907455444, -0.6025148034095764, -0.10129135102033615, 0.00418227119371295], [-0.4066907465457916, 0.6433924436569214, -0.6485745906829834, 0.0632401555776596], [0.455945760011673, -0.47225236892700195, -0.7543812990188599, -0.7223775386810303], [0.0, 0.0, 0.0, 1.0]], [[-0.7856810092926025, -0.6063011884689331, -0.12289928644895554, 0.0047436924651265144], [-0.4100189507007599, 0.659118115901947, -0.6304346323013306, 0.06179755926132202], [0.463238388299942, -0.4449295103549957, -0.7664515972137451, -0.7264261841773987], [0.0, 0.0, 0.0, 1.0]], [[-0.7745634913444519, -0.6245237588882446, -0.10010716319084167, 0.0027473666705191135], [-0.44420161843299866, 0.6497906446456909, -0.6168121099472046, 0.06026621162891388], [0.45026248693466187, -0.4332923889160156, -0.7807185053825378, -0.7289690375328064], [0.0, 0.0, 0.0, 1.0]], [[-0.7496212720870972, -0.6547067165374756, -0.09709422290325165, -0.0029546485748142004], [-0.4853641092777252, 0.6435056328773499, -0.5918803215026855, 0.05909194052219391], [0.44998860359191895, -0.3965599536895752, -0.8001566529273987, -0.7323791980743408], [0.0, 0.0, 0.0, 1.0]], [[-0.7135788202285767, -0.6937270760536194, -0.09771501272916794, -0.00816267542541027], [-0.5384190082550049, 0.6322910189628601, -0.5570575594902039, 0.05722510814666748], [0.44823014736175537, -0.34489285945892334, -0.8247052431106567, -0.7350380420684814], [0.0, 0.0, 0.0, 1.0]], [[-0.6715236306190491, -0.7367361187934875, -0.0792221873998642, -0.010899662971496582], [-0.6069093346595764, 0.608203113079071, -0.5116152167320251, 0.05364459753036499], [0.42510852217674255, -0.29548096656799316, -0.8555546998977661, -0.7375282645225525], [0.0, 0.0, 0.0, 1.0]], [[-0.6428567171096802, -0.7645013332366943, -0.04767531156539917, -0.012475661002099514], [-0.6663458943367004, 0.5888454914093018, -0.45743221044540405, 0.05030226707458496], [0.3777809143066406, -0.2622951567173004, -0.8879656791687012, -0.7403284907341003], [0.0, 0.0, 0.0, 1.0]], [[-0.6127897500991821, -0.790148138999939, -0.012435821816325188, -0.012627124786376953], [-0.7377520799636841, 0.5776528120040894, -0.3493409752845764, 0.047620877623558044], [0.2832146883010864, -0.20489802956581116, -0.9369131922721863, -0.7433180809020996], [0.0, 0.0, 0.0, 1.0]], [[-0.570152997970581, -0.8215357065200806, -0.0021359622478485107, -0.01108720526099205], [-0.8063915967941284, 0.5601359009742737, -0.18968510627746582, 0.045061707496643066], [0.15702950954437256, -0.10642708837985992, -0.9818427562713623, -0.7466505765914917], [0.0, 0.0, 0.0, 1.0]], [[-0.5140165090560913, -0.8577350974082947, 0.008807094767689705, -0.007952369749546051], [-0.8575427532196045, 0.513605535030365, -0.028806418180465698, 0.04103599488735199], [0.020184919238090515, -0.022359460592269897, -0.9995461702346802, -0.7503242492675781], [0.0, 0.0, 0.0, 1.0]], [[-0.4326133728027344, -0.9014800190925598, 0.013397788628935814, -0.004372862633317709], [-0.8980548977851868, 0.4321872591972351, 0.08192440867424011, 0.03582647442817688], [-0.07964356243610382, 0.023409612476825714, -0.9965484738349915, -0.7534959316253662], [0.0, 0.0, 0.0, 1.0]], [[-0.33301207423210144, -0.9429000020027161, -0.006538576912134886, -0.0002457669470459223], [-0.9310451149940491, 0.3277122676372528, 0.16049809753894806, 0.02994568645954132], [-0.14919087290763855, 0.05953553318977356, -0.9870145320892334, -0.7554078698158264], [0.0, 0.0, 0.0, 1.0]], [[-0.22376982867717743, -0.9736636281013489, -0.043660715222358704, 0.005031929351389408], [-0.9518935680389404, 0.20870564877986908, 0.2243669033050537, 0.023207128047943115], [-0.20934563875198364, 0.09176690876483917, -0.9735262393951416, -0.7562922239303589], [0.0, 0.0, 0.0, 1.0]], [[-0.10316286981105804, -0.9909804463386536, -0.08552874624729156, 0.011235802434384823], [-0.9542808532714844, 0.07435507327318192, 0.2895158529281616, 0.016273006796836853], [-0.28054505586624146, 0.11148572713136673, -0.9533443450927734, -0.75615394115448], [0.0, 0.0, 0.0, 1.0]], [[-0.01685117930173874, -0.9892991185188293, -0.14492517709732056, 0.01583152823150158], [-0.9411490559577942, -0.03324228525161743, 0.3363531827926636, 0.010118827223777771], [-0.33757150173187256, 0.14206410944461823, -0.9305177927017212, -0.753524899482727], [0.0, 0.0, 0.0, 1.0]], [[0.0005884543061256409, -0.9787350296974182, -0.20512790977954865, 0.016814012080430984], [-0.9249268770217896, -0.07851099967956543, 0.3719492554664612, 0.008515730500221252], [-0.38014447689056396, 0.18950943648815155, -0.9053046107292175, -0.7479106783866882], [0.0, 0.0, 0.0, 1.0]], [[-0.029201526194810867, -0.9661920070648193, -0.2561644911766052, 0.01644771732389927], [-0.9149303436279297, -0.07737196981906891, 0.3961264491081238, 0.00972449779510498], [-0.40255415439605713, 0.24594011902809143, -0.8817390203475952, -0.7412226796150208], [0.0, 0.0, 0.0, 1.0]], [[-0.056513648480176926, -0.9542062878608704, -0.293762743473053, 0.016192428767681122], [-0.8966869711875916, -0.08087828010320663, 0.43521392345428467, 0.01101917028427124], [-0.4390428066253662, 0.28800874948501587, -0.8510537147521973, -0.7354494333267212], [0.0, 0.0, 0.0, 1.0]], [[-0.05442936718463898, -0.9490844011306763, -0.3102840185165405, 0.01545450184494257], [-0.8682253956794739, -0.10849511623382568, 0.4841628074645996, 0.010383948683738708], [-0.4931757152080536, 0.29574912786483765, -0.8181138634681702, -0.7307402491569519], [0.0, 0.0, 0.0, 1.0]], [[-0.026027793064713478, -0.9441483616828918, -0.3284912407398224, 0.014273595064878464], [-0.8384122252464294, -0.15833956003189087, 0.521530032157898, 0.007079020142555237], [-0.5444148778915405, 0.28898534178733826, -0.7874643206596375, -0.7270193099975586], [0.0, 0.0, 0.0, 1.0]], [[0.015833847224712372, -0.9364988803863525, -0.3503129780292511, 0.012723235413432121], [-0.8052752017974854, -0.2196228951215744, 0.5507246255874634, 0.0025972723960876465], [-0.5926897525787354, 0.27337825298309326, -0.7576168179512024, -0.7237743735313416], [0.0, 0.0, 0.0, 1.0]], [[0.0794193297624588, -0.928593099117279, -0.36250174045562744, 0.010289584286510944], [-0.774733304977417, -0.28633150458335876, 0.5637398958206177, -0.004007354378700256], [-0.627280592918396, 0.23607033491134644, -0.742152214050293, -0.720867931842804], [0.0, 0.0, 0.0, 1.0]], [[0.16614200174808502, -0.9044399857521057, -0.3929187059402466, 0.009261930361390114], [-0.7398083806037903, -0.3777712285518646, 0.5567517280578613, -0.013194084167480469], [-0.6519819498062134, 0.19818468391895294, -0.731876015663147, -0.7197170853614807], [0.0, 0.0, 0.0, 1.0]], [[0.23164153099060059, -0.8616698384284973, -0.45151659846305847, 0.009590649977326393], [-0.6838234663009644, -0.4743475914001465, 0.5544185042381287, -0.022431515157222748], [-0.6919015049934387, 0.180331289768219, -0.6991087198257446, -0.7188578248023987], [0.0, 0.0, 0.0, 1.0]], [[0.2619452178478241, -0.8235036134719849, -0.5032162666320801, 0.009377850219607353], [-0.6285393238067627, -0.5412476062774658, 0.5585602521896362, -0.029410019516944885], [-0.732340931892395, 0.1699790060520172, -0.659381628036499, -0.7176215648651123], [0.0, 0.0, 0.0, 1.0]], [[0.3013043701648712, -0.8109224438667297, -0.501617968082428, 0.007595363073050976], [-0.5956241488456726, -0.5708683133125305, 0.5651029944419861, -0.03345786780118942], [-0.7446123957633972, 0.12850777804851532, -0.6550101041793823, -0.7191928625106812], [0.0, 0.0, 0.0, 1.0]], [[0.3638923466205597, -0.8120830655097961, -0.45618370175361633, 0.004473585169762373], [-0.5645992159843445, -0.5818397402763367, 0.5853975415229797, -0.03516221046447754], [-0.7408171892166138, 0.04453929513692856, -0.6702284812927246, -0.7244996428489685], [0.0, 0.0, 0.0, 1.0]], [[0.41839027404785156, -0.8205778002738953, -0.389360636472702, 0.0005929197650402784], [-0.5212531089782715, -0.5679931044578552, 0.6369293928146362, -0.034846365451812744], [-0.7438042163848877, -0.06352964043617249, -0.6653714776039124, -0.7319056987762451], [0.0, 0.0, 0.0, 1.0]], [[0.44539690017700195, -0.8083161115646362, -0.385028213262558, -0.0005121289286762476], [-0.47517645359039307, -0.5778864026069641, 0.6635168790817261, -0.03488888591527939], [-0.7588338851928711, -0.11257195472717285, -0.6414815783500671, -0.7365078330039978], [0.0, 0.0, 0.0, 1.0]], [[0.45551976561546326, -0.79805588722229, -0.39447256922721863, -0.0006305978167802095], [-0.4553546905517578, -0.589637041091919, 0.667068600654602, -0.033433809876441956], [-0.76495361328125, -0.12423800677061081, -0.6319898366928101, -0.7382799983024597], [0.0, 0.0, 0.0, 1.0]], [[0.4699130952358246, -0.7803146243095398, -0.4126630425453186, -0.0011544560547918081], [-0.4502298831939697, -0.6139885187149048, 0.6483140587806702, -0.03315696865320206], [-0.7592593431472778, -0.11885799467563629, -0.63984215259552, -0.7395564913749695], [0.0, 0.0, 0.0, 1.0]], [[0.4839460849761963, -0.7512420415878296, -0.4488113522529602, -0.0026569038163870573], [-0.41105860471725464, -0.6479166150093079, 0.6412760019302368, -0.033684343099594116], [-0.7725457549095154, -0.12585526704788208, -0.6223612427711487, -0.7413738965988159], [0.0, 0.0, 0.0, 1.0]], [[0.48392969369888306, -0.7303349375724792, -0.4821026623249054, -0.003363601630553603], [-0.36344701051712036, -0.6688821315765381, 0.6484620571136475, -0.03277873992919922], [-0.7960643768310547, -0.13859125971794128, -0.5891299843788147, -0.7433990836143494], [0.0, 0.0, 0.0, 1.0]], [[0.462319552898407, -0.7209092974662781, -0.5162853598594666, -0.004348573740571737], [-0.31699514389038086, -0.6781405210494995, 0.6630533933639526, -0.0294811874628067], [-0.8281152248382568, -0.1428825557231903, -0.5420422554016113, -0.7445615530014038], [0.0, 0.0, 0.0, 1.0]], [[0.4187881350517273, -0.7020174264907837, -0.5760104060173035, -0.006088575813919306], [-0.2607995867729187, -0.7005729675292969, 0.6642146706581116, -0.0232628732919693], [-0.8698275685310364, -0.12794195115566254, -0.4764775037765503, -0.7464343309402466], [0.0, 0.0, 0.0, 1.0]], [[0.3307662010192871, -0.6538815498352051, -0.6804651021957397, -0.008577991276979446], [-0.17026405036449432, -0.7505673170089722, 0.6384817957878113, -0.014960691332817078], [-0.9282262921333313, -0.09532944858074188, -0.35959482192993164, -0.7503954768180847], [0.0, 0.0, 0.0, 1.0]], [[0.20290707051753998, -0.6106263995170593, -0.765483021736145, -0.01223787385970354], [-0.08189757168292999, -0.7895886301994324, 0.6081469058990479, -0.005345374345779419], [-0.9757671356201172, -0.060706064105033875, -0.21022193133831024, -0.7537830471992493], [0.0, 0.0, 0.0, 1.0]], [[0.06899216771125793, -0.5664606094360352, -0.8211957216262817, -0.017130868509411812], [-0.0078810453414917, -0.8234409093856812, 0.5673472285270691, 0.0050514936447143555], [-0.9975860714912415, -0.03267064690589905, -0.061275288462638855, -0.7547762393951416], [0.0, 0.0, 0.0, 1.0]], [[-0.07418348640203476, -0.5061349272727966, -0.8592579960823059, -0.02255401201546192], [0.04842579364776611, -0.8624439239501953, 0.5038307905197144, 0.015026599168777466], [-0.9960681796073914, -0.004234373569488525, 0.08848907053470612, -0.7539947032928467], [0.0, 0.0, 0.0, 1.0]], [[-0.20814426243305206, -0.4530249834060669, -0.8668590188026428, -0.02700558491051197], [0.1045769602060318, -0.8914972543716431, 0.4407907724380493, 0.024227246642112732], [-0.972491443157196, 0.0010945796966552734, 0.23293602466583252, -0.7513672709465027], [0.0, 0.0, 0.0, 1.0]], [[-0.32814058661460876, -0.4328267276287079, -0.8396337032318115, -0.028981870040297508], [0.17604291439056396, -0.9012988209724426, 0.39581480622291565, 0.03259401023387909], [-0.9280800819396973, -0.01792864501476288, 0.371948778629303, -0.746131181716919], [0.0, 0.0, 0.0, 1.0]], [[-0.4294302761554718, -0.4344555735588074, -0.7917311191558838, -0.028158532455563545], [0.2370375692844391, -0.9001680016517639, 0.3653915822505951, 0.03902792930603027], [-0.8714371919631958, -0.030759811401367188, 0.48954159021377563, -0.7402331829071045], [0.0, 0.0, 0.0, 1.0]], [[-0.5204243063926697, -0.44608625769615173, -0.7281247973442078, -0.026263082399964333], [0.2907208800315857, -0.8943179845809937, 0.3401130735874176, 0.044391825795173645], [-0.8028947710990906, -0.034677937626838684, 0.5951113700866699, -0.7353442907333374], [0.0, 0.0, 0.0, 1.0]], [[-0.6245098114013672, -0.4642563462257385, -0.6280553340911865, -0.02439015544950962], [0.3510809540748596, -0.8851968050003052, 0.30523550510406494, 0.04985104501247406], [-0.6976600885391235, -0.02987569570541382, 0.7158055901527405, -0.7319468259811401], [0.0, 0.0, 0.0, 1.0]], [[-0.7145475149154663, -0.4877684414386749, -0.5015015602111816, -0.022299233824014664], [0.40962639451026917, -0.8728288412094116, 0.26528510451316833, 0.054529741406440735], [-0.5671226978302002, -0.015869498252868652, 0.823480486869812, -0.7300625443458557], [0.0, 0.0, 0.0, 1.0]], [[-0.7877859473228455, -0.5168603658676147, -0.33503562211990356, -0.020442534238100052], [0.4720529019832611, -0.8560343384742737, 0.2106451541185379, 0.05865919589996338], [-0.3956761062145233, 0.007788732647895813, 0.9183571934700012, -0.7288709878921509], [0.0, 0.0, 0.0, 1.0]], [[-0.8284355998039246, -0.5364033579826355, -0.16113924980163574, -0.01953059807419777], [0.5225472450256348, -0.8437875509262085, 0.12233947217464447, 0.06304475665092468], [-0.20159059762954712, 0.017147481441497803, 0.9793197512626648, -0.7267113924026489], [0.0, 0.0, 0.0, 1.0]], [[-0.8342386484146118, -0.551400363445282, -0.001916658366099, -0.019325830042362213], [0.5511555075645447, -0.8339623212814331, 0.027099907398223877, 0.06591819226741791], [-0.016541361808776855, 0.021551385521888733, 0.9996309876441956, -0.7239116430282593], [0.0, 0.0, 0.0, 1.0]], [[-0.8061515092849731, -0.5672968626022339, 0.16820847988128662, -0.019030924886465073], [0.5652273297309875, -0.8223941922187805, -0.06469832360744476, 0.06791551411151886], [0.17503681778907776, 0.0429193377494812, 0.9836259484291077, -0.7210557460784912], [0.0, 0.0, 0.0, 1.0]], [[-0.737461268901825, -0.5855178236961365, 0.33662986755371094, -0.018542567268013954], [0.5722984075546265, -0.8064149022102356, -0.1488945335149765, 0.06847953796386719], [0.35864371061325073, 0.08284877240657806, 0.929790735244751, -0.7194054126739502], [0.0, 0.0, 0.0, 1.0]], [[-0.6532987952232361, -0.5950603485107422, 0.46808546781539917, -0.017410773783922195], [0.5664222836494446, -0.794391393661499, -0.21933560073375702, 0.06863945722579956], [0.5023609399795532, 0.12184236943721771, 0.8560304045677185, -0.7188096046447754], [0.0, 0.0, 0.0, 1.0]], [[-0.5710681676864624, -0.5944976210594177, 0.5660862922668457, -0.016542432829737663], [0.550457775592804, -0.7888997197151184, -0.27319151163101196, 0.06858398020267487], [0.6089969873428345, 0.155595600605011, 0.7777612209320068, -0.7194504737854004], [0.0, 0.0, 0.0, 1.0]], [[-0.484433650970459, -0.591821551322937, 0.6442602872848511, -0.01597796380519867], [0.5342042446136475, -0.7833136916160583, -0.31787675619125366, 0.06852316856384277], [0.6927841901779175, 0.1901763528585434, 0.6956170797348022, -0.721541702747345], [0.0, 0.0, 0.0, 1.0]], [[-0.39852985739707947, -0.5839446783065796, 0.7072359919548035, -0.0162123404443264], [0.5140975713729858, -0.7808177471160889, -0.3550034165382385, 0.06831149756908417], [0.7595246434211731, 0.22210882604122162, 0.6113837957382202, -0.7244776487350464], [0.0, 0.0, 0.0, 1.0]], [[-0.32802191376686096, -0.5663829445838928, 0.7560502886772156, -0.01743183471262455], [0.48450160026550293, -0.7879208922386169, -0.3800511658191681, 0.06774532794952393], [0.8109622597694397, 0.24164241552352905, 0.5328688025474548, -0.7277421951293945], [0.0, 0.0, 0.0, 1.0]], [[-0.2310405820608139, -0.5563582181930542, 0.798176646232605, -0.01779072917997837], [0.4360959827899933, -0.792566180229187, -0.4262149930000305, 0.06710556149482727], [0.8697359561920166, 0.24960866570472717, 0.4257405698299408, -0.7318589091300964], [0.0, 0.0, 0.0, 1.0]], [[-0.12685872614383698, -0.5466024875640869, 0.8277274370193481, -0.01697239652276039], [0.37909209728240967, -0.7978397607803345, -0.4687654972076416, 0.06434193253517151], [0.9166221022605896, 0.25431790947914124, 0.308425635099411, -0.736691951751709], [0.0, 0.0, 0.0, 1.0]], [[-0.03335133194923401, -0.5363926291465759, 0.8433094024658203, -0.01704174280166626], [0.3126834034919739, -0.8070210814476013, -0.5009452104568481, 0.06121914088726044], [0.9492717385292053, 0.2469816654920578, 0.19463631510734558, -0.7412204146385193], [0.0, 0.0, 0.0, 1.0]], [[-0.03668626397848129, -0.49313074350357056, 0.8691812753677368, -0.018615970388054848], [0.284837007522583, -0.8388479351997375, -0.4638987183570862, 0.05956627428531647], [0.9578736424446106, 0.23055627942085266, 0.1712360680103302, -0.744158148765564], [0.0, 0.0, 0.0, 1.0]], [[-0.03505350276827812, -0.4405665397644043, 0.8970352411270142, -0.018653685227036476], [0.23948529362678528, -0.8751375675201416, -0.42045336961746216, 0.059455499053001404], [0.9702669382095337, 0.20008838176727295, 0.13618585467338562, -0.7456075549125671], [0.0, 0.0, 0.0, 1.0]], [[-0.0004245453455951065, -0.39564085006713867, 0.918405294418335, -0.01755443774163723], [0.18785417079925537, -0.9020864963531494, -0.38852399587631226, 0.05847688019275665], [0.9821968674659729, 0.1723613142967224, 0.07470574975013733, -0.7457751631736755], [0.0, 0.0, 0.0, 1.0]], [[0.11266160756349564, -0.3588726222515106, 0.9265624284744263, -0.015773726627230644], [0.14516331255435944, -0.9165497422218323, -0.3726451098918915, 0.05551174283027649], [0.9829725623130798, 0.17648567259311676, -0.05116482079029083, -0.7457593679428101], [0.0, 0.0, 0.0, 1.0]], [[0.32063791155815125, -0.3390403985977173, 0.8844449520111084, -0.01266111247241497], [0.06850329786539078, -0.9229996800422668, -0.37865427136421204, 0.051255807280540466], [0.9447213411331177, 0.1819983422756195, -0.27272331714630127, -0.7468277215957642], [0.0, 0.0, 0.0, 1.0]], [[0.5487774610519409, -0.3271492123603821, 0.7692962884902954, -0.008116133511066437], [-0.03922396898269653, -0.9293085336685181, -0.3672153055667877, 0.04574456810951233], [0.8350478410720825, 0.1713446080684662, -0.5228157043457031, -0.7474775910377502], [0.0, 0.0, 0.0, 1.0]], [[0.7495629787445068, -0.31261348724365234, 0.5834622383117676, -0.003551989560946822], [-0.14502820372581482, -0.9375957250595093, -0.3160398006439209, 0.04013858735561371], [0.645849883556366, 0.1522732973098755, -0.7481248378753662, -0.7481765747070312], [0.0, 0.0, 0.0, 1.0]], [[0.8529114127159119, -0.267537921667099, 0.44829198718070984, -0.00037957471795380116], [-0.1721741408109665, -0.9548141360282898, -0.2422521710395813, 0.038474127650260925], [0.4928470849990845, 0.12943536043167114, -0.8604349493980408, -0.7467461824417114], [0.0, 0.0, 0.0, 1.0]], [[0.8849313259124756, -0.22645464539527893, 0.40695804357528687, 0.001677731517702341], [-0.1632997989654541, -0.969221830368042, -0.18423445522785187, 0.037706539034843445], [0.436153382062912, 0.0965786874294281, -0.8946747779846191, -0.7457581758499146], [0.0, 0.0, 0.0, 1.0]], [[0.8973724246025085, -0.19386719167232513, 0.39640676975250244, 0.003884943202137947], [-0.1618894338607788, -0.980322539806366, -0.11295802891254425, 0.03771179914474487], [0.4105052947998047, 0.037191346287727356, -0.9110995531082153, -0.7469227313995361], [0.0, 0.0, 0.0, 1.0]], [[0.8894903659820557, -0.1863941103219986, 0.41721001267433167, 0.005810822360217571], [-0.16765367984771729, -0.982471764087677, -0.0814952403306961, 0.0392661988735199], [0.4250873029232025, 0.0025424212217330933, -0.9051488041877747, -0.7491899728775024], [0.0, 0.0, 0.0, 1.0]], [[0.8716074228286743, -0.21148836612701416, 0.4422365128993988, 0.009034516289830208], [-0.19782882928848267, -0.9771755337715149, -0.07740699499845505, 0.04149112105369568], [0.44851329922676086, -0.02001860737800598, -0.8935519456863403, -0.7508388161659241], [0.0, 0.0, 0.0, 1.0]], [[0.8642811179161072, -0.24983060359954834, 0.4365808069705963, 0.013341544196009636], [-0.23343105614185333, -0.9680271148681641, -0.09183356165885925, 0.04392741620540619], [0.4455648958683014, -0.022541478276252747, -0.8949657082557678, -0.7509957551956177], [0.0, 0.0, 0.0, 1.0]], [[0.8569403886795044, -0.27038320899009705, 0.4388008415699005, 0.017751522362232208], [-0.2502049505710602, -0.9625396132469177, -0.10447532683610916, 0.0462392121553421], [0.45061150193214417, -0.020261019468307495, -0.8924902677536011, -0.7497036457061768], [0.0, 0.0, 0.0, 1.0]], [[0.8343162536621094, -0.2702094614505768, 0.4805241823196411, 0.020880799740552902], [-0.2691025733947754, -0.9603563547134399, -0.07279712706804276, 0.047322630882263184], [0.4811449646949768, -0.0685744434595108, -0.8739550113677979, -0.7459117770195007], [0.0, 0.0, 0.0, 1.0]], [[0.7549140453338623, -0.24427765607833862, 0.6086323261260986, 0.021556982770562172], [-0.3129662871360779, -0.9497385025024414, 0.007003843784332275, 0.046618252992630005], [0.5763305425643921, -0.19576868414878845, -0.7934216260910034, -0.7396557331085205], [0.0, 0.0, 0.0, 1.0]], [[0.5724233984947205, -0.1701071560382843, 0.8021190166473389, 0.02020636759698391], [-0.40897035598754883, -0.9071086645126343, 0.09948466718196869, 0.04446689784526825], [0.7106860280036926, -0.38499027490615845, -0.5888190269470215, -0.7336486577987671], [0.0, 0.0, 0.0, 1.0]], [[0.348484605550766, -0.032246850430965424, 0.9367596507072449, 0.016683178022503853], [-0.5375192761421204, -0.8256188035011292, 0.1715419590473175, 0.040700763463974], [0.7678747177124023, -0.5633060932159424, -0.30504873394966125, -0.7266619801521301], [0.0, 0.0, 0.0, 1.0]], [[0.1445864737033844, 0.13175898790359497, 0.9806805849075317, 0.012849072925746441], [-0.6578505635261536, -0.7275368571281433, 0.19473803043365479, 0.035609856247901917], [0.7391397356987, -0.673297643661499, -0.01851429045200348, -0.7199699878692627], [0.0, 0.0, 0.0, 1.0]], [[-0.0003503859043121338, 0.26853659749031067, 0.9632694125175476, 0.008444864302873611], [-0.7594819068908691, -0.6267055869102478, 0.1744343638420105, 0.029448628425598145], [0.6505284309387207, -0.7315244674682617, 0.20416826009750366, -0.7130724787712097], [0.0, 0.0, 0.0, 1.0]], [[-0.09082155674695969, 0.3874567747116089, 0.9174032211303711, 0.003726625582203269], [-0.8325160145759583, -0.5350755453109741, 0.14356637001037598, 0.02352270483970642], [0.5465058088302612, -0.7507140040397644, 0.3711604177951813, -0.7081407904624939], [0.0, 0.0, 0.0, 1.0]], [[-0.1748368889093399, 0.5175478458404541, 0.8376014232635498, -0.001503152772784233], [-0.8872079849243164, -0.45170971751213074, 0.09391665458679199, 0.017524465918540955], [0.4269590973854065, -0.7267066240310669, 0.538148045539856, -0.7043055295944214], [0.0, 0.0, 0.0, 1.0]], [[-0.22183063626289368, 0.6335511803627014, 0.7412180304527283, -0.0064161475747823715], [-0.9262474179267883, -0.37447041273117065, 0.0428701788187027, 0.010490834712982178], [0.30472469329833984, -0.677041232585907, 0.6698940992355347, -0.7015606760978699], [0.0, 0.0, 0.0, 1.0]], [[-0.2592496871948242, 0.7240440845489502, 0.6391791105270386, -0.010522602126002312], [-0.9493513107299805, -0.31269997358322144, -0.030837148427963257, 0.004244089126586914], [0.17754381895065308, -0.6147999167442322, 0.768439531326294, -0.7013630867004395], [0.0, 0.0, 0.0, 1.0]], [[-0.30129942297935486, 0.79842609167099, 0.5212815999984741, -0.013349948450922966], [-0.9521229863166809, -0.2816004455089569, -0.11900858581066132, -0.0001967400312423706], [0.051773592829704285, -0.5321813225746155, 0.8450459241867065, -0.7037893533706665], [0.0, 0.0, 0.0, 1.0]], [[-0.3379209041595459, 0.8478532433509827, 0.4086005687713623, -0.014919908717274666], [-0.9391657114028931, -0.27541518211364746, -0.2052176594734192, -0.0038531720638275146], [-0.06145966053009033, -0.45309096574783325, 0.8893432021141052, -0.7085393667221069], [0.0, 0.0, 0.0, 1.0]], [[-0.357492595911026, 0.8674905896186829, 0.3459177017211914, -0.015214845538139343], [-0.9259453415870667, -0.280942440032959, -0.25238242745399475, -0.005938395857810974], [-0.12175643444061279, -0.4105255603790283, 0.9036836624145508, -0.7141866087913513], [0.0, 0.0, 0.0, 1.0]], [[-0.3811416029930115, 0.864948570728302, 0.3264889717102051, -0.015249688178300858], [-0.9150004386901855, -0.30237507820129395, -0.26710203289985657, -0.007328778505325317], [-0.13230732083320618, -0.4005412757396698, 0.9066760540008545, -0.7207028865814209], [0.0, 0.0, 0.0, 1.0]], [[-0.4056031107902527, 0.8598048686981201, 0.3101963996887207, -0.014590506441891193], [-0.9032689332962036, -0.3250652849674225, -0.2800677418708801, -0.008965149521827698], [-0.13996954262256622, -0.39378705620765686, 0.9084824323654175, -0.7281501293182373], [0.0, 0.0, 0.0, 1.0]], [[-0.43693509697914124, 0.8516252040863037, 0.28952091932296753, -0.01421048678457737], [-0.8892951607704163, -0.36066269874572754, -0.28120553493499756, -0.010774090886116028], [-0.1350623518228531, -0.3803381025791168, 0.914932370185852, -0.7357373237609863], [0.0, 0.0, 0.0, 1.0]], [[-0.4886583387851715, 0.8168096542358398, 0.30665138363838196, -0.013700531795620918], [-0.8711116909980774, -0.43712323904037476, -0.22380292415618896, -0.01158595085144043], [-0.04875992238521576, -0.3764907419681549, 0.9251363277435303, -0.7444454431533813], [0.0, 0.0, 0.0, 1.0]], [[-0.536232054233551, 0.7603460550308228, 0.36650925874710083, -0.012574655935168266], [-0.8417604565620422, -0.5138244032859802, -0.16560162603855133, -0.0128868967294693], [0.062406882643699646, -0.39731383323669434, 0.9155583381652832, -0.7514694333076477], [0.0, 0.0, 0.0, 1.0]], [[-0.5746897459030151, 0.6982250213623047, 0.426864892244339, -0.01094078365713358], [-0.8018444776535034, -0.5847138166427612, -0.12310680747032166, -0.014275625348091125], [0.16363753378391266, -0.41302743554115295, 0.895896852016449, -0.7577161192893982], [0.0, 0.0, 0.0, 1.0]], [[-0.6073340773582458, 0.6329527497291565, 0.48012107610702515, -0.009474363178014755], [-0.7585448026657104, -0.6416332125663757, -0.11365166306495667, -0.015700191259384155], [0.23612549901008606, -0.43321776390075684, 0.8698087334632874, -0.7642990946769714], [0.0, 0.0, 0.0, 1.0]], [[-0.6269072890281677, 0.5745437145233154, 0.5262003540992737, -0.008570975624024868], [-0.7222508788108826, -0.6818335056304932, -0.11600366234779358, -0.01799727976322174], [0.2921319007873535, -0.45277220010757446, 0.8424111008644104, -0.7701975107192993], [0.0, 0.0, 0.0, 1.0]], [[-0.6485517024993896, 0.5094573497772217, 0.565538763999939, -0.008614289574325085], [-0.6831555366516113, -0.717247724533081, -0.13731080293655396, -0.020841270685195923], [0.3356773555278778, -0.4754040241241455, 0.8132109045982361, -0.7746554613113403], [0.0, 0.0, 0.0, 1.0]], [[-0.6559767127037048, 0.43206095695495605, 0.6188843846321106, -0.009263889864087105], [-0.6453418731689453, -0.7462992668151855, -0.16300703585147858, -0.02284887433052063], [0.3914439082145691, -0.5063208341598511, 0.7683819532394409, -0.7768157720565796], [0.0, 0.0, 0.0, 1.0]], [[-0.6161895990371704, 0.3262208104133606, 0.7168615460395813, -0.009173387661576271], [-0.6140924692153931, -0.7689121961593628, -0.17794543504714966, -0.023759037256240845], [0.49315404891967773, -0.5498672723770142, 0.6741254329681396, -0.7783777713775635], [0.0, 0.0, 0.0, 1.0]], [[-0.5153929591178894, 0.19277478754520416, 0.8349899053573608, -0.00902240164577961], [-0.589509904384613, -0.7869468927383423, -0.18218882381916046, -0.02340036630630493], [0.6219711303710938, -0.586133599281311, 0.5192294716835022, -0.7799215316772461], [0.0, 0.0, 0.0, 1.0]], [[-0.42490237951278687, 0.04014763981103897, 0.9043484330177307, -0.008725523017346859], [-0.5591961145401001, -0.7972549796104431, -0.2273414134979248, -0.022999703884124756], [0.7118691205978394, -0.6023060083389282, 0.36120596528053284, -0.7798481583595276], [0.0, 0.0, 0.0, 1.0]], [[-0.34173232316970825, -0.03483724594116211, 0.9391513466835022, -0.005226550158113241], [-0.5877374410629272, -0.7718559503555298, -0.2424936294555664, -0.02236044406890869], [0.73333740234375, -0.6348423361778259, 0.24329300224781036, -0.7771214842796326], [0.0, 0.0, 0.0, 1.0]], [[-0.2744303345680237, -0.12022595852613449, 0.9540616869926453, -0.0006044148467481136], [-0.6171224117279053, -0.7388672828674316, -0.2706199288368225, -0.022022441029548645], [0.7374604940414429, -0.6630391478538513, 0.12857352197170258, -0.7740461826324463], [0.0, 0.0, 0.0, 1.0]], [[-0.17949797213077545, -0.20311900973320007, 0.9625608325004578, 0.0042564766481518745], [-0.6328381299972534, -0.7252874374389648, -0.27106115221977234, -0.019946113228797913], [0.753190815448761, -0.6578000783920288, 0.0016461797058582306, -0.7717596292495728], [0.0, 0.0, 0.0, 1.0]], [[-0.051472291350364685, -0.26308417320251465, 0.9633988738059998, 0.010308708064258099], [-0.6548730731010437, -0.7194253206253052, -0.23144853115081787, -0.018744781613349915], [0.7539839744567871, -0.6428171396255493, -0.13525624573230743, -0.7660540342330933], [0.0, 0.0, 0.0, 1.0]], [[0.08924435824155807, -0.30091631412506104, 0.9494655132293701, 0.014423278160393238], [-0.6898086667060852, -0.7063130736351013, -0.15901534259319305, -0.01756739616394043], [0.7184702157974243, -0.6407582759857178, -0.2706091105937958, -0.7574633359909058], [0.0, 0.0, 0.0, 1.0]], [[0.26214146614074707, -0.3302012085914612, 0.9067797064781189, 0.0178922601044178], [-0.685126781463623, -0.7254191040992737, -0.06609561294317245, -0.016393855214118958], [0.6796200275421143, -0.6039324402809143, -0.41639211773872375, -0.7474135756492615], [0.0, 0.0, 0.0, 1.0]], [[0.4121863842010498, -0.32398828864097595, 0.8515481352806091, 0.016885610297322273], [-0.6293826103210449, -0.7770435214042664, 0.009006991982460022, -0.014304861426353455], [0.6587716937065125, -0.5396620035171509, -0.524199366569519, -0.7382417917251587], [0.0, 0.0, 0.0, 1.0]], [[0.4923182725906372, -0.31041738390922546, 0.8131813406944275, 0.01220349408686161], [-0.5935395956039429, -0.8030721545219421, 0.05278380215167999, -0.015257805585861206], [0.6366581916809082, -0.5086417198181152, -0.5796120762825012, -0.7285832762718201], [0.0, 0.0, 0.0, 1.0]], [[0.5279528498649597, -0.26660701632499695, 0.8063414692878723, 0.006176198832690716], [-0.5874343514442444, -0.8003246784210205, 0.12000556290149689, -0.019245818257331848], [0.6133406162261963, -0.5370298624038696, -0.5791478753089905, -0.7199456691741943], [0.0, 0.0, 0.0, 1.0]], [[0.5734481811523438, -0.2220591902732849, 0.7885726094245911, -0.0016882764175534248], [-0.558965802192688, -0.8097602725028992, 0.17845305800437927, -0.024740204215049744], [0.5989277362823486, -0.5431187748908997, -0.5884790420532227, -0.7135056853294373], [0.0, 0.0, 0.0, 1.0]], [[0.5841276049613953, -0.18763849139213562, 0.78967505693435