{"object_poses": [[[0.9999776482582092, 0.006631797179579735, -0.0007898453623056412, 0.12111105769872665], [0.006641507148742676, -0.999893307685852, 0.013015314936637878, 0.07780472934246063], [-0.0007034442387521267, -0.013020247220993042, -0.9999150037765503, -0.8154705166816711], [0.0, 0.0, 0.0, 1.0]], [[0.9999932646751404, 0.00362456776201725, -0.0006540794856846333, 0.12094671279191971], [0.003629978746175766, -0.9999575614929199, 0.008466705679893494, 0.07787565886974335], [-0.0006233463063836098, -0.008469000458717346, -0.9999639391899109, -0.8158674240112305], [0.0, 0.0, 0.0, 1.0]], [[0.9999974966049194, -0.0022233016788959503, -3.0716415494680405e-05, 0.12087146937847137], [-0.002223137766122818, -0.999987006187439, 0.004585444927215576, 0.0778147429227829], [-4.089507274329662e-05, -0.004585355520248413, -0.9999895095825195, -0.816037118434906], [0.0, 0.0, 0.0, 1.0]], [[0.9999980926513672, 0.0013239681720733643, -0.0014099483378231525, 0.12086216360330582], [0.0013335980474948883, -0.9999756813049316, 0.00685177743434906, 0.07787537574768066], [-0.0014008362777531147, -0.006853654980659485, -0.9999755024909973, -0.8163532018661499], [0.0, 0.0, 0.0, 1.0]], [[0.9999961256980896, 0.002526039257645607, 0.0011840809602290392, 0.1203751340508461], [0.0025128070265054703, -0.9999358057975769, 0.011046066880226135, 0.07782547175884247], [0.0012118914164602757, -0.01104302704334259, -0.9999382495880127, -0.8167476058006287], [0.0, 0.0, 0.0, 1.0]], [[0.9999915361404419, 0.0036279894411563873, 0.0019169147126376629, 0.12007012218236923], [0.0036038868129253387, -0.9999162554740906, 0.012428849935531616, 0.07789561152458191], [0.001961850095540285, -0.01242181658744812, -0.9999209046363831, -0.8171664476394653], [0.0, 0.0, 0.0, 1.0]], [[0.9999808669090271, 0.005595270544290543, 0.002606314606964588, 0.11968781054019928], [0.005557797849178314, -0.9998841881752014, 0.014170795679092407, 0.07786965370178223], [0.0026853070594370365, -0.014155998826026917, -0.9998961687088013, -0.817632794380188], [0.0, 0.0, 0.0, 1.0]], [[0.9999384880065918, 0.00843227468430996, 0.007213464006781578, 0.11991698294878006], [0.008330782875418663, -0.9998675584793091, 0.013986051082611084, 0.07791197299957275], [0.007330451626330614, -0.013925090432167053, -0.9998762607574463, -0.8178005218505859], [0.0, 0.0, 0.0, 1.0]], [[0.9998794198036194, 0.013148065656423569, 0.008266101591289043, 0.11978188157081604], [0.013032592833042145, -0.9998189210891724, 0.013870373368263245, 0.07800044119358063], [0.008446948602795601, -0.013760969042778015, -0.999869704246521, -0.8178999423980713], [0.0, 0.0, 0.0, 1.0]], [[0.9998747110366821, 0.014523936435580254, 0.006310108117759228, 0.11969029158353806], [0.014446735382080078, -0.9998223185539246, 0.01211133599281311, 0.07792356610298157], [0.006484906654804945, -0.012018665671348572, -0.9999067783355713, -0.8179883360862732], [0.0, 0.0, 0.0, 1.0]], [[0.9998970627784729, 0.011674314737319946, 0.008333614096045494, 0.11965835839509964], [0.011567294597625732, -0.9998514652252197, 0.012776002287864685, 0.078067347407341], [0.008481509983539581, -0.012678280472755432, -0.9998836517333984, -0.8180544376373291], [0.0, 0.0, 0.0, 1.0]], [[0.999914824962616, 0.011407075449824333, 0.006344892084598541, 0.1194821298122406], [0.011312047019600868, -0.9998262524604797, 0.0148162841796875, 0.07797189056873322], [0.0065127769485116005, -0.014743223786354065, -0.9998700618743896, -0.81809401512146], [0.0, 0.0, 0.0, 1.0]], [[0.9999492764472961, 0.009726881980895996, 0.0026467042043805122, 0.11951199173927307], [0.009691054001450539, -0.9998655319213867, 0.013229012489318848, 0.07804189622402191], [0.002775061409920454, -0.013202682137489319, -0.9999090433120728, -0.8179994225502014], [0.0, 0.0, 0.0, 1.0]], [[0.9999780058860779, 0.003684384748339653, 0.0055210888385772705, 0.1194063052535057], [0.003628712147474289, -0.9999427795410156, 0.010060563683509827, 0.07809637486934662], [0.0055578541941940784, -0.010040298104286194, -0.9999341368675232, -0.8180254697799683], [0.0, 0.0, 0.0, 1.0]], [[0.9999568462371826, 0.00518045574426651, 0.0077083176001906395, 0.119557686150074], [0.00510605052113533, -0.9999405741691589, 0.009641468524932861, 0.07811135053634644], [0.007757825311273336, -0.009601682424545288, -0.9999239444732666, -0.8179930448532104], [0.0, 0.0, 0.0, 1.0]], [[0.999962568283081, 0.007449572905898094, 0.004381370730698109, 0.11931406706571579], [0.007406134158372879, -0.9999241232872009, 0.00984865427017212, 0.07812762260437012], [0.004454411566257477, -0.009815812110900879, -0.999941885471344, -0.8179676532745361], [0.0, 0.0, 0.0, 1.0]], [[0.9999480247497559, 0.009282885119318962, 0.004233957268297672, 0.11943667382001877], [0.009231016039848328, -0.9998841285705566, 0.012109190225601196, 0.07807634770870209], [0.004345881752669811, -0.012069448828697205, -0.9999178647994995, -0.8180673122406006], [0.0, 0.0, 0.0, 1.0]], [[0.9999600052833557, 0.008090049028396606, 0.003795358119532466, 0.11946368217468262], [0.008044740185141563, -0.9998979568481445, 0.011805638670921326, 0.07807224988937378], [0.003890451043844223, -0.011774614453315735, -0.999923050403595, -0.8180788159370422], [0.0, 0.0, 0.0, 1.0]], [[0.9999292492866516, 0.010440448299050331, 0.005698553752154112, 0.11944351345300674], [0.010367931798100471, -0.999866783618927, 0.012610375881195068, 0.07804811000823975], [0.005829480476677418, -0.012550383806228638, -0.9999042749404907, -0.8181793689727783], [0.0, 0.0, 0.0, 1.0]], [[0.9999568462371826, 0.00732005201280117, 0.005730735138058662, 0.11941753327846527], [0.007252464070916176, -0.9999049305915833, 0.011727005243301392, 0.07801635563373566], [0.005816051736474037, -0.011684924364089966, -0.9999147653579712, -0.8182048201560974], [0.0, 0.0, 0.0, 1.0]], [[0.9999486804008484, 0.007986871525645256, 0.006226434372365475, 0.11929940432310104], [0.007910635322332382, -0.9998946189880371, 0.012173682451248169, 0.07790589332580566], [0.006323040928691626, -0.01212380826473236, -0.9999064207077026, -0.8180360198020935], [0.0, 0.0, 0.0, 1.0]], [[0.9999329447746277, 0.010190034285187721, 0.005490772891789675, 0.11934062838554382], [0.010127577930688858, -0.999885082244873, 0.011284500360488892, 0.07788243889808655], [0.005605148151516914, -0.011228129267692566, -0.9999212026596069, -0.8181430101394653], [0.0, 0.0, 0.0, 1.0]], [[0.9999474287033081, 0.009085927158594131, 0.0047579375095665455, 0.11895177513360977], [0.009024590253829956, -0.9998778700828552, 0.012759491801261902, 0.07788576185703278], [0.004873331170529127, -0.01271587610244751, -0.9999072551727295, -0.8182989358901978], [0.0, 0.0, 0.0, 1.0]], [[0.9999577403068542, 0.007146146148443222, 0.005781874991953373, 0.11875908821821213], [0.007086761295795441, -0.9999226331710815, 0.010227635502815247, 0.07788778841495514], [0.005854514893144369, -0.010186240077018738, -0.9999310374259949, -0.8180641531944275], [0.0, 0.0, 0.0, 1.0]], [[0.9999696016311646, 0.005200456827878952, 0.0058153970167040825, 0.11851250380277634], [0.0051491763442754745, -0.9999479651451111, 0.008799061179161072, 0.07783092558383942], [0.005860849283635616, -0.008768841624259949, -0.9999443292617798, -0.8180742859840393], [0.0, 0.0, 0.0, 1.0]], [[0.9999778866767883, -0.0009065065532922745, 0.006585575640201569, 0.11833237111568451], [-0.0009491406381130219, -0.9999785423278809, 0.006474986672401428, 0.07784737646579742], [0.006579575128853321, -0.006481096148490906, -0.9999573826789856, -0.8181581497192383], [0.0, 0.0, 0.0, 1.0]], [[0.9999467730522156, 0.004944907501339912, 0.009060300886631012, 0.11831755936145782], [0.004864031448960304, -0.9999483227729797, 0.008927464485168457, 0.07778021693229675], [0.009103978052735329, -0.008882924914360046, -0.9999189972877502, -0.8180999159812927], [0.0, 0.0, 0.0, 1.0]], [[0.9999372363090515, 0.008917968720197678, 0.006779933348298073, 0.11824233829975128], [0.00885329581797123, -0.9999155402183533, 0.009509444236755371, 0.0777277946472168], [0.006864126771688461, -0.009448826313018799, -0.9999317526817322, -0.8180288672447205], [0.0, 0.0, 0.0, 1.0]], [[0.9998994469642639, 0.011974925175309181, 0.0075944894924759865, 0.11857831478118896], [0.01186758279800415, -0.9998312592506409, 0.014026612043380737, 0.07754601538181305], [0.007761193905025721, -0.013935059309005737, -0.9998728036880493, -0.8178067803382874], [0.0, 0.0, 0.0, 1.0]], [[0.9998636245727539, 0.009664375334978104, 0.013393735513091087, 0.1188596859574318], [0.009488914161920547, -0.999869167804718, 0.013102531433105469, 0.07740180194377899], [0.013518624007701874, -0.01297365128993988, -0.9998244047164917, -0.817855954170227], [0.0, 0.0, 0.0, 1.0]], [[0.9998786449432373, 0.009184807538986206, 0.012576702982187271, 0.11904697865247726], [0.008991051465272903, -0.9998413920402527, 0.01537717878818512, 0.07711923122406006], [0.012715945020318031, -0.015262216329574585, -0.9998027086257935, -0.8176827430725098], [0.0, 0.0, 0.0, 1.0]], [[0.9999171495437622, 0.005913989618420601, 0.011432036757469177, 0.11942800879478455], [0.0057956259697675705, -0.9999295473098755, 0.010359987616539001, 0.07701438665390015], [0.011492498219013214, -0.010292872786521912, -0.9998809099197388, -0.8177732825279236], [0.0, 0.0, 0.0, 1.0]], [[0.99993497133255, 0.0056150853633880615, 0.009925412945449352, 0.11996237933635712], [0.005467012524604797, -0.9998742938041687, 0.014883384108543396, 0.07696889340877533], [0.010007742792367935, -0.014828160405158997, -0.9998399615287781, -0.8177234530448914], [0.0, 0.0, 0.0, 1.0]], [[0.9999752640724182, -0.0038872715085744858, 0.00584894185885787, 0.1202627420425415], [-0.0039083631709218025, -0.9999858736991882, 0.003599390387535095, 0.07675066590309143], [0.005834894720464945, -0.003622189164161682, -0.9999763369560242, -0.8178518414497375], [0.0, 0.0, 0.0, 1.0]], [[0.9997832775115967, -0.000497967004776001, 0.020810479298233986, 0.12047263234853745], [-0.0005583418533205986, -0.9999957084655762, 0.002895534038543701, 0.0767030119895935], [0.020808935165405273, -0.002906516194343567, -0.9997791647911072, -0.8178794384002686], [0.0, 0.0, 0.0, 1.0]], [[0.9988352656364441, -0.000477740541100502, 0.04824734479188919, 0.11974694579839706], [-0.0005405987612903118, -0.9999990463256836, 0.00128956139087677, 0.07653513550758362], [0.04824669286608696, -0.0013141483068466187, -0.9988345503807068, -0.8173651099205017], [0.0, 0.0, 0.0, 1.0]], [[0.9938085079193115, -0.0023125186562538147, 0.11108158528804779, 0.11779956519603729], [-0.003919137641787529, -0.9998908638954163, 0.014247149229049683, 0.0759877860546112], [0.1110365241765976, -0.014594286680221558, -0.993709146976471, -0.8159675002098083], [0.0, 0.0, 0.0, 1.0]], [[0.983174204826355, -0.005766909569501877, 0.18257930874824524, 0.11369460821151733], [-0.011087093502283096, -0.9995427131652832, 0.02813170850276947, 0.07489563524723053], [0.1823335886001587, -0.029682636260986328, -0.9827885031700134, -0.8121827840805054], [0.0, 0.0, 0.0, 1.0]], [[0.9676324129104614, -0.027128074318170547, 0.250901460647583, 0.10793408751487732], [-0.04167484492063522, -0.9977326393127441, 0.052846893668174744, 0.07365472614765167], [0.24889890849590302, -0.061592623591423035, -0.9665689468383789, -0.805830180644989], [0.0, 0.0, 0.0, 1.0]], [[0.9531632661819458, -0.0620458647608757, 0.2960241138935089, 0.09970498830080032], [-0.08509992063045502, -0.9942086935043335, 0.06562837958335876, 0.07161866128444672], [0.2902377247810364, -0.08774614334106445, -0.9529232382774353, -0.797107458114624], [0.0, 0.0, 0.0, 1.0]], [[0.9354003667831421, -0.07591572403907776, 0.3453448712825775, 0.09085078537464142], [-0.1165364533662796, -0.9883002638816833, 0.0983964055776596, 0.06966949999332428], [0.33383455872535706, -0.13228529691696167, -0.9333033561706543, -0.7875130772590637], [0.0, 0.0, 0.0, 1.0]], [[0.9169532060623169, -0.047913096845149994, 0.39610761404037476, 0.07922106981277466], [-0.11538773775100708, -0.9821866750717163, 0.14830704033374786, 0.06705160439014435], [0.38194578886032104, -0.1816965639591217, -0.9061477184295654, -0.777982234954834], [0.0, 0.0, 0.0, 1.0]], [[0.8874954581260681, 0.016713803634047508, 0.4605133831501007, 0.06798804551362991], [-0.10264992713928223, -0.9670622944831848, 0.23292410373687744, 0.06347422301769257], [0.4492381811141968, -0.25399070978164673, -0.8565476536750793, -0.7683860659599304], [0.0, 0.0, 0.0, 1.0]], [[0.84969162940979, 0.0928492546081543, 0.5190408229827881, 0.056513138115406036], [-0.0879557877779007, -0.9456232190132141, 0.31314629316329956, 0.060155659914016724], [0.5198924541473389, -0.31173038482666016, -0.7953214049339294, -0.759504497051239], [0.0, 0.0, 0.0, 1.0]], [[0.8016742467880249, 0.16458572447299957, 0.5746565461158752, 0.04421243816614151], [-0.08456724882125854, -0.9204512238502502, 0.3815992772579193, 0.05629977583885193], [0.5917490720748901, -0.3545153737068176, -0.7239834070205688, -0.7531570792198181], [0.0, 0.0, 0.0, 1.0]], [[0.7688366770744324, 0.1784665435552597, 0.6140357851982117, 0.033033765852451324], [-0.1195223480463028, -0.9032312631607056, 0.412174254655838, 0.05246344208717346], [0.6281757354736328, -0.3902856707572937, -0.6731065511703491, -0.7474203705787659], [0.0, 0.0, 0.0, 1.0]], [[0.744854211807251, 0.14115387201309204, 0.6521256566047668, 0.02322971820831299], [-0.1970372200012207, -0.8872448801994324, 0.4171006381511688, 0.048335000872612], [0.6374704837799072, -0.4391721487045288, -0.6330555081367493, -0.7440142631530762], [0.0, 0.0, 0.0, 1.0]], [[0.73063063621521, 0.08341002464294434, 0.6776589155197144, 0.01756402477622032], [-0.2632693946361542, -0.8813437223434448, 0.39232951402664185, 0.04765141010284424], [0.6299747228622437, -0.46505481004714966, -0.6219773888587952, -0.7441171407699585], [0.0, 0.0, 0.0, 1.0]], [[0.7469953894615173, 0.004930809140205383, 0.6648109555244446, 0.017038028687238693], [-0.3407125174999237, -0.8558355569839478, 0.38917914032936096, 0.048914894461631775], [0.5708878636360168, -0.5172244310379028, -0.6376252174377441, -0.7413503527641296], [0.0, 0.0, 0.0, 1.0]], [[0.7808119654655457, -0.07510709762573242, 0.6202352046966553, 0.013602262362837791], [-0.39919835329055786, -0.8236407041549683, 0.4028110206127167, 0.04939849674701691], [0.4805970788002014, -0.5621165037155151, -0.6730911135673523, -0.7399318814277649], [0.0, 0.0, 0.0, 1.0]], [[0.8261224031448364, -0.10386321693658829, 0.553835928440094, 0.011895956471562386], [-0.40884581208229065, -0.7868512868881226, 0.46228814125061035, 0.05028627812862396], [0.38777172565460205, -0.6083400249481201, -0.6924994587898254, -0.737358808517456], [0.0, 0.0, 0.0, 1.0]], [[0.8753042817115784, -0.17283371090888977, 0.4516313076019287, 0.007662440650165081], [-0.4124702513217926, -0.7543349862098694, 0.5107319951057434, 0.05314299464225769], [0.25240960717201233, -0.6333304047584534, -0.7315614223480225, -0.7360103726387024], [0.0, 0.0, 0.0, 1.0]], [[0.9070001840591431, -0.23868197202682495, 0.34696054458618164, 0.0023787058889865875], [-0.4024205505847931, -0.7340608835220337, 0.5470032691955566, 0.05602571368217468], [0.12413033097982407, -0.6357560157775879, -0.7618439197540283, -0.735249400138855], [0.0, 0.0, 0.0, 1.0]], [[0.9236347675323486, -0.29693499207496643, 0.24233993887901306, -0.0033301212824881077], [-0.38327205181121826, -0.7134885191917419, 0.5865465402603149, 0.05885589122772217], [-0.0012593939900398254, -0.6346367597579956, -0.7728096842765808, -0.7350542545318604], [0.0, 0.0, 0.0, 1.0]], [[0.9292876124382019, -0.3424086570739746, 0.13849489390850067, -0.007735635153949261], [-0.3443571627140045, -0.6675740480422974, 0.6601235866546631, 0.0611506849527359], [-0.1335764080286026, -0.6611364483833313, -0.7382791042327881, -0.7327472567558289], [0.0, 0.0, 0.0, 1.0]], [[0.9141097664833069, -0.39775505661964417, 0.0787033662199974, -0.01044431421905756], [-0.31528913974761963, -0.5752418637275696, 0.7547779083251953, 0.06334289908409119], [-0.25494322180747986, -0.7147641181945801, -0.6512420177459717, -0.7305765748023987], [0.0, 0.0, 0.0, 1.0]], [[0.8821810483932495, -0.4669502377510071, 0.0609433576464653, -0.011746297590434551], [-0.2843685448169708, -0.4250870943069458, 0.8593226075172424, 0.06468692421913147], [-0.37535467743873596, -0.7754085063934326, -0.5077897310256958, -0.7275198698043823], [0.0, 0.0, 0.0, 1.0]], [[0.8201977014541626, -0.5715044736862183, 0.02565693110227585, -0.01141079980880022], [-0.22503387928009033, -0.28107601404190063, 0.9329286813735962, 0.06549049913883209], [-0.5259613990783691, -0.7709596753120422, -0.35914576053619385, -0.7250096201896667], [0.0, 0.0, 0.0, 1.0]], [[0.7572996616363525, -0.6524057388305664, 0.02939215674996376, -0.009932974353432655], [-0.17090927064418793, -0.15454848110675812, 0.9730903506278992, 0.06516703963279724], [-0.6303072571754456, -0.741944432258606, -0.22854170203208923, -0.722326397895813], [0.0, 0.0, 0.0, 1.0]], [[0.7025883793830872, -0.7113813161849976, 0.017499327659606934, -0.0074942586943507195], [-0.0850175991654396, -0.05950047820806503, 0.9946013689041138, 0.06440237164497375], [-0.7064995169639587, -0.7002831101417542, -0.102284274995327, -0.7192553281784058], [0.0, 0.0, 0.0, 1.0]], [[0.6463198661804199, -0.7628589868545532, -0.017799220979213715, -0.004319232422858477], [0.013068273663520813, -0.012256629765033722, 0.9998394846916199, 0.06311564147472382], [-0.7629547119140625, -0.6464487314224243, 0.0020475536584854126, -0.7162110209465027], [0.0, 0.0, 0.0, 1.0]], [[0.5963394641876221, -0.8019620776176453, -0.03515695780515671, -0.0006851786747574806], [0.0905352383852005, 0.023675769567489624, 0.9956117272377014, 0.061771124601364136], [-0.7976105213165283, -0.5969055891036987, 0.08672462403774261, -0.7122317552566528], [0.0, 0.0, 0.0, 1.0]], [[0.5489060282707214, -0.8346447944641113, -0.04549974948167801, 0.0036621498875319958], [0.14007088541984558, 0.0381816029548645, 0.9894051551818848, 0.06003399193286896], [-0.8240646123886108, -0.5494635105133057, 0.1378675252199173, -0.7096728682518005], [0.0, 0.0, 0.0, 1.0]], [[0.5035245418548584, -0.8617627024650574, -0.061871908605098724, 0.008245083503425121], [0.19894158840179443, 0.04595644026994705, 0.9789332747459412, 0.057917818427085876], [-0.840764582157135, -0.5052259564399719, 0.19458062946796417, -0.7075012922286987], [0.0, 0.0, 0.0, 1.0]], [[0.4923342764377594, -0.8684307336807251, -0.05860879644751549, 0.0111735500395298], [0.2216312438249588, 0.059962883591651917, 0.9732851982116699, 0.0560871958732605], [-0.8417164087295532, -0.4921712279319763, 0.22199314832687378, -0.7082882523536682], [0.0, 0.0, 0.0, 1.0]], [[0.48433202505111694, -0.8719930648803711, -0.07106705009937286, 0.012799752876162529], [0.2529800534248352, 0.06182563304901123, 0.9654940366744995, 0.05277986824512482], [-0.8375104665756226, -0.48559823632240295, 0.25054097175598145, -0.7087705731391907], [0.0, 0.0, 0.0, 1.0]], [[0.46841588616371155, -0.880309522151947, -0.07511076331138611, 0.015098720788955688], [0.25572746992111206, 0.053714901208877563, 0.9652554988861084, 0.05140140652656555], [-0.8456891179084778, -0.47134894132614136, 0.2502802312374115, -0.709819495677948], [0.0, 0.0, 0.0, 1.0]], [[0.435748815536499, -0.8950346112251282, -0.09505846351385117, 0.01710396818816662], [0.2166745364665985, 0.001805044710636139, 0.9762423634529114, 0.05295826494693756], [-0.8735989928245544, -0.4459930956363678, 0.19471773505210876, -0.7099820375442505], [0.0, 0.0, 0.0, 1.0]], [[0.35448864102363586, -0.9286227226257324, -0.10953450947999954, 0.019130881875753403], [0.15761739015579224, -0.056122832000255585, 0.9859042167663574, 0.05382193624973297], [-0.9216803312301636, -0.366756409406662, 0.12647216022014618, -0.7098389267921448], [0.0, 0.0, 0.0, 1.0]], [[0.2093346267938614, -0.9658305644989014, -0.1528085470199585, 0.02260207012295723], [0.11898483335971832, -0.129950612783432, 0.9843553900718689, 0.053880080580711365], [-0.9705779552459717, -0.22424164414405823, 0.08771605789661407, -0.7090119123458862], [0.0, 0.0, 0.0, 1.0]], [[0.020923346281051636, -0.9765079617500305, -0.21446366608142853, 0.027654053643345833], [0.060766398906707764, -0.21287193894386292, 0.9751887917518616, 0.05471901595592499], [-0.9979326725006104, -0.03343639522790909, 0.05488486588001251, -0.7094320058822632], [0.0, 0.0, 0.0, 1.0]], [[-0.16177420318126678, -0.9432463049888611, -0.29002657532691956, 0.0331936851143837], [0.014612272381782532, -0.29615527391433716, 0.9550280570983887, 0.05644670128822327], [-0.9867196083068848, 0.15026095509529114, 0.06169325113296509, -0.7103959918022156], [0.0, 0.0, 0.0, 1.0]], [[-0.30399346351623535, -0.8776218295097351, -0.37063202261924744, 0.036213669925928116], [-0.02069053053855896, -0.38286998867988586, 0.9235706329345703, 0.05755375325679779], [-0.9524495005607605, 0.2884279191493988, 0.09823150932788849, -0.7123216390609741], [0.0, 0.0, 0.0, 1.0]], [[-0.3772904574871063, -0.8006190061569214, -0.4654689431190491, 0.035673972219228745], [-0.09079990535974503, -0.46821320056915283, 0.8789381384849548, 0.05808702111244202], [-0.9216330647468567, 0.37387940287590027, 0.1039562076330185, -0.7125400304794312], [0.0, 0.0, 0.0, 1.0]], [[-0.3916302025318146, -0.7375730276107788, -0.550101637840271, 0.0330292284488678], [-0.1630876064300537, -0.5327476859092712, 0.8304109573364258, 0.05665230751037598], [-0.9055541753768921, 0.414928674697876, 0.0883510559797287, -0.7124592661857605], [0.0, 0.0, 0.0, 1.0]], [[-0.362819105386734, -0.6971816420555115, -0.6183041334152222, 0.03114415518939495], [-0.2161923199892044, -0.5824366807937622, 0.7835996150970459, 0.05581009387969971], [-0.9064342975616455, 0.417977511882782, 0.0605938583612442, -0.7120636701583862], [0.0, 0.0, 0.0, 1.0]], [[-0.3400019109249115, -0.6879411935806274, -0.6411985754966736, 0.030714262276887894], [-0.23544801771640778, -0.5978333353996277, 0.7662634253501892, 0.05524125695228577], [-0.9104740619659424, 0.41149991750717163, 0.041290074586868286, -0.711165726184845], [0.0, 0.0, 0.0, 1.0]], [[-0.33007657527923584, -0.6982206702232361, -0.6352460384368896, 0.02907021902501583], [-0.22349976003170013, -0.5960202813148499, 0.771237850189209, 0.05352379381656647], [-0.9171135425567627, 0.39654484391212463, 0.040680184960365295, -0.7100740075111389], [0.0, 0.0, 0.0, 1.0]], [[-0.3581644594669342, -0.6956925988197327, -0.6226796507835388, 0.024216365069150925], [-0.2085469514131546, -0.5904632806777954, 0.7796544432640076, 0.051990047097206116], [-0.9100693464279175, 0.40910249948501587, 0.06639839708805084, -0.7107528448104858], [0.0, 0.0, 0.0, 1.0]], [[-0.4040936231613159, -0.6881860494613647, -0.602584719657898, 0.0230792798101902], [-0.20997074246406555, -0.5713884830474854, 0.7933647632598877, 0.05210709571838379], [-0.8902925252914429, 0.44711872935295105, 0.08639548718929291, -0.7127697467803955], [0.0, 0.0, 0.0, 1.0]], [[-0.449087917804718, -0.6600651144981384, -0.6021910905838013, 0.02230154722929001], [-0.2038058340549469, -0.5805343389511108, 0.7883166670799255, 0.052646979689598083], [-0.8699328899383545, 0.4767535328865051, 0.1261858344078064, -0.7132556438446045], [0.0, 0.0, 0.0, 1.0]], [[-0.4829377233982086, -0.6246598362922668, -0.6136539578437805, 0.020719654858112335], [-0.19063691794872284, -0.6089826822280884, 0.7699335813522339, 0.055086374282836914], [-0.8546512126922607, 0.4888150095939636, 0.17501746118068695, -0.7116972804069519], [0.0, 0.0, 0.0, 1.0]], [[-0.5244486927986145, -0.5731023550033569, -0.6296883225440979, 0.01679287478327751], [-0.1536714881658554, -0.6636984944343567, 0.7320447564125061, 0.05848577618598938], [-0.8374596834182739, 0.4806849956512451, 0.260006308555603, -0.7103002071380615], [0.0, 0.0, 0.0, 1.0]], [[-0.5797857046127319, -0.5065056085586548, -0.6382010579109192, 0.012279188260436058], [-0.09897482395172119, -0.7337068319320679, 0.6722189784049988, 0.06218107044696808], [-0.8087351322174072, 0.4529087543487549, 0.37526145577430725, -0.707889199256897], [0.0, 0.0, 0.0, 1.0]], [[-0.6822505593299866, -0.3944976329803467, -0.6155532002449036, 0.0076697091571986675], [-0.05851387232542038, -0.8097702860832214, 0.5838221311569214, 0.06487435102462769], [-0.7287731170654297, 0.43433141708374023, 0.529382586479187, -0.7058151960372925], [0.0, 0.0, 0.0, 1.0]], [[-0.8088347315788269, -0.2599113881587982, -0.5274775624275208, 0.003383659292012453], [-0.04960355535149574, -0.8636612892150879, 0.5016261339187622, 0.0668395459651947], [-0.5859403610229492, 0.4318974018096924, 0.6856667995452881, -0.704499363899231], [0.0, 0.0, 0.0, 1.0]], [[-0.9224492907524109, -0.11292026937007904, -0.3692375719547272, -0.0013864028733223677], [-0.0745115876197815, -0.8862468600273132, 0.45718100666999817, 0.0679652988910675], [-0.37886062264442444, 0.44923871755599976, 0.8091039061546326, -0.703370988368988], [0.0, 0.0, 0.0, 1.0]], [[-0.9727916717529297, 0.00786307267844677, -0.23154829442501068, -0.005142233334481716], [-0.10921724140644073, -0.8969696760177612, 0.42838871479034424, 0.06829577684402466], [-0.20432336628437042, 0.44202202558517456, 0.8734234571456909, -0.700145423412323], [0.0, 0.0, 0.0, 1.0]], [[-0.9871472120285034, 0.11520653963088989, -0.11076053231954575, -0.0057355137541890144], [-0.1479448676109314, -0.9208651781082153, 0.36072099208831787, 0.06803479790687561], [-0.0604381337761879, 0.3724711537361145, 0.9260737895965576, -0.6958234906196594], [0.0, 0.0, 0.0, 1.0]], [[-0.9835405349731445, 0.18031014502048492, -0.011668599210679531, -0.002442234195768833], [-0.17756745219230652, -0.9525920152664185, 0.24705973267555237, 0.06642851233482361], [0.03343193233013153, 0.24506525695323944, 0.9689300656318665, -0.6918563842773438], [0.0, 0.0, 0.0, 1.0]], [[-0.969739556312561, 0.22461161017417908, 0.0956803560256958, 0.0013469690456986427], [-0.2133043110370636, -0.9701318740844727, 0.11552262306213379, 0.06429734826087952], [0.11877027153968811, 0.09161783009767532, 0.9886859059333801, -0.6883190870285034], [0.0, 0.0, 0.0, 1.0]], [[-0.9495822787284851, 0.23135274648666382, 0.2115878462791443, 0.006713162176311016], [-0.2402576506137848, -0.97055983543396, -0.017027094960212708, 0.06091448664665222], [0.2014193832874298, -0.06700420379638672, 0.9772106409072876, -0.6856736540794373], [0.0, 0.0, 0.0, 1.0]], [[-0.9256110787391663, 0.20979999005794525, 0.31500497460365295, 0.012409916147589684], [-0.25144267082214355, -0.962949275970459, -0.09749484062194824, 0.05786973237991333], [0.28287941217422485, -0.16944797337055206, 0.9440691471099854, -0.6851569414138794], [0.0, 0.0, 0.0, 1.0]], [[-0.9089166522026062, 0.18049299716949463, 0.3758894205093384, 0.018079975619912148], [-0.2550044357776642, -0.9538444876670837, -0.15859858691692352, 0.055191293358802795], [0.3299140930175781, -0.24000632762908936, 0.9129917025566101, -0.686935305595398], [0.0, 0.0, 0.0, 1.0]], [[-0.901115357875824, 0.14200079441070557, 0.4096667766571045, 0.022487957030534744], [-0.24543404579162598, -0.9459545016288757, -0.2119724452495575, 0.05301547050476074], [0.35742583870887756, -0.29155778884887695, 0.8872659206390381, -0.6890729069709778], [0.0, 0.0, 0.0, 1.0]], [[-0.8984767198562622, 0.10266810655593872, 0.4268474876880646, 0.02484080381691456], [-0.22804294526576996, -0.9399563670158386, -0.2539261281490326, 0.05144640803337097], [0.37514787912368774, -0.32548630237579346, 0.8679416179656982, -0.6889317035675049], [0.0, 0.0, 0.0, 1.0]], [[-0.895560622215271, 0.07515782117843628, 0.4385460317134857, 0.025838524103164673], [-0.21837005019187927, -0.9330040812492371, -0.2860386073589325, 0.05181466042995453], [0.38766714930534363, -0.351930171251297, 0.8519738912582397, -0.6903783679008484], [0.0, 0.0, 0.0, 1.0]], [[-0.8872352838516235, 0.0705103874206543, 0.45589691400527954, 0.02591906674206257], [-0.23521794378757477, -0.9192812442779541, -0.3155861496925354, 0.0527106374502182], [0.39684537053108215, -0.3872341513633728, 0.8322040438652039, -0.6924474835395813], [0.0, 0.0, 0.0, 1.0]], [[-0.8581064343452454, 0.10870488733053207, 0.5018331408500671, 0.027024855837225914], [-0.2858552932739258, -0.9130126237869263, -0.2910235822200775, 0.053306370973587036], [0.4265443682670593, -0.39318087697029114, 0.8145357966423035, -0.6932293176651001], [0.0, 0.0, 0.0, 1.0]], [[-0.790411651134491, 0.1620999127626419, 0.5907395482063293, 0.029655396938323975], [-0.35587090253829956, -0.906439483165741, -0.227428138256073, 0.052620887756347656], [0.4986034631729126, -0.38998883962631226, 0.7741468548774719, -0.6941261291503906], [0.0, 0.0, 0.0, 1.0]], [[-0.6595649123191833, 0.18182989954948425, 0.7293229699134827, 0.03394800424575806], [-0.40781712532043457, -0.9016336798667908, -0.14402124285697937, 0.05282875895500183], [0.631394624710083, -0.39242178201675415, 0.6688393354415894, -0.6948680877685547], [0.0, 0.0, 0.0, 1.0]], [[-0.5027828216552734, 0.15981851518154144, 0.849510133266449, 0.04027141258120537], [-0.421733021736145, -0.9032121300697327, -0.07968133687973022, 0.05387914180755615], [0.7545533180236816, -0.39832884073257446, 0.5215203166007996, -0.6954963803291321], [0.0, 0.0, 0.0, 1.0]], [[-0.3745570480823517, 0.14935825765132904, 0.9150951504707336, 0.04713892191648483], [-0.44519737362861633, -0.8947006464004517, -0.03619394823908806, 0.05446486175060272], [0.813330352306366, -0.4209546148777008, 0.4016103744506836, -0.6964566707611084], [0.0, 0.0, 0.0, 1.0]], [[-0.32458579540252686, 0.16153061389923096, 0.9319612979888916, 0.05154339224100113], [-0.49285030364990234, -0.8698635101318359, -0.020883504301309586, 0.05467557907104492], [0.8073058128356934, -0.46609586477279663, 0.3619557321071625, -0.6969399452209473], [0.0, 0.0, 0.0, 1.0]], [[-0.3419226109981537, 0.20520803332328796, 0.9170488715171814, 0.05267952382564545], [-0.5551115870475769, -0.8315131664276123, -0.020906206220388412, 0.054600879549980164], [0.7582480311393738, -0.5162127017974854, 0.3982265293598175, -0.6966672539710999], [0.0, 0.0, 0.0, 1.0]], [[-0.36734911799430847, 0.25396549701690674, 0.8947380781173706, 0.05095820873975754], [-0.6073446273803711, -0.7940770387649536, -0.023961544036865234, 0.05351267755031586], [0.7044055461883545, -0.5522165298461914, 0.4459480941295624, -0.6955822110176086], [0.0, 0.0, 0.0, 1.0]], [[-0.3764582872390747, 0.27609488368034363, 0.8843364715576172, 0.049070004373788834], [-0.6399101614952087, -0.7677533030509949, -0.032710060477256775, 0.05211861431598663], [0.6699211001396179, -0.5782097578048706, 0.4657030403614044, -0.695007860660553], [0.0, 0.0, 0.0, 1.0]], [[-0.39389073848724365, 0.29301825165748596, 0.8712006211280823, 0.04606785252690315], [-0.6586326360702515, -0.7511085271835327, -0.045156992971897125, 0.05015431344509125], [0.6411342620849609, -0.5915880799293518, 0.4888460636138916, -0.6942266225814819], [0.0, 0.0, 0.0, 1.0]], [[-0.40799805521965027, 0.33008161187171936, 0.8512247800827026, 0.041570305824279785], [-0.683407187461853, -0.7286484241485596, -0.04501207172870636, 0.0470539927482605], [0.605385959148407, -0.6000980138778687, 0.5228673219680786, -0.6935794353485107], [0.0, 0.0, 0.0, 1.0]], [[-0.42280060052871704, 0.4031159579753876, 0.8116263151168823, 0.036152180284261703], [-0.719282865524292, -0.6940706968307495, -0.02996733784675598, 0.043001145124435425], [0.5512456297874451, -0.5964590907096863, 0.5834079384803772, -0.6933844089508057], [0.0, 0.0, 0.0, 1.0]], [[-0.42854154109954834, 0.47643718123435974, 0.7676976919174194, 0.03179449588060379], [-0.7605545520782471, -0.6489066481590271, -0.021839335560798645, 0.03879201412200928], [0.487758994102478, -0.5932350754737854, 0.6404399275779724, -0.6934747099876404], [0.0, 0.0, 0.0, 1.0]], [[-0.44599294662475586, 0.535219669342041, 0.7173773646354675, 0.028080202639102936], [-0.7907629013061523, -0.611080527305603, -0.03570283204317093, 0.03535200655460358], [0.4192664325237274, -0.583198606967926, 0.6957694888114929, -0.6943427920341492], [0.0, 0.0, 0.0, 1.0]], [[-0.45210447907447815, 0.5902312397956848, 0.6687516570091248, 0.026259243488311768], [-0.8166533708572388, -0.5754317045211792, -0.04422411322593689, 0.0331563800573349], [0.3587184548377991, -0.5661321878433228, 0.7421694993972778, -0.6956890225410461], [0.0, 0.0, 0.0, 1.0]], [[-0.43624696135520935, 0.630159318447113, 0.6423298120498657, 0.026614002883434296], [-0.8402021527290344, -0.5407892465591431, -0.04009188711643219, 0.03372316062450409], [0.3221008777618408, -0.5571768879890442, 0.7653788328170776, -0.6978241205215454], [0.0, 0.0, 0.0, 1.0]], [[-0.39846381545066833, 0.6463472843170166, 0.6507394313812256, 0.02551114559173584], [-0.8649090528488159, -0.5009024143218994, -0.03208334743976593, 0.03513680398464203], [0.30521997809410095, -0.575614333152771, 0.7586231231689453, -0.6998484134674072], [0.0, 0.0, 0.0, 1.0]], [[-0.35576722025871277, 0.6176720857620239, 0.7013636827468872, 0.023805733770132065], [-0.8870531320571899, -0.4594351053237915, -0.04534614086151123, 0.03683622181415558], [0.29422202706336975, -0.638279378414154, 0.7113598585128784, -0.7010738849639893], [0.0, 0.0, 0.0, 1.0]], [[-0.317316472530365, 0.5048721432685852, 0.8027542233467102, 0.022068962454795837], [-0.9115159511566162, -0.3959158658981323, -0.11130698770284653, 0.038480207324028015], [0.26162731647491455, -0.7670427560806274, 0.5858297348022461, -0.7021439671516418], [0.0, 0.0, 0.0, 1.0]], [[-0.2897600531578064, 0.3171408474445343, 0.9030287265777588, 0.019727781414985657], [-0.9408056735992432, -0.2677334249019623, -0.20785461366176605, 0.040176063776016235], [0.17585180699825287, -0.9098024368286133, 0.3759463429450989, -0.7036834955215454], [0.0, 0.0, 0.0, 1.0]], [[-0.2493361532688141, 0.10044772177934647, 0.9631935358047485, 0.017538025975227356], [-0.9655073881149292, -0.10282646119594574, -0.239211767911911, 0.04218606650829315], [0.07501348853111267, -0.9896146059036255, 0.12262138724327087, -0.7057550549507141], [0.0, 0.0, 0.0, 1.0]], [[-0.19607263803482056, -0.09975122660398483, 0.9755024909973145, 0.01414691936224699], [-0.9798382520675659, 0.05886135995388031, -0.19092515110969543, 0.04523676633834839], [-0.038374364376068115, -0.9932698607444763, -0.10928115248680115, -0.7069551944732666], [0.0, 0.0, 0.0, 1.0]], [[-0.15517772734165192, -0.26583975553512573, 0.9514458179473877, 0.012071093544363976], [-0.9806259870529175, 0.1580049693584442, -0.11578936874866486, 0.047576457262039185], [-0.11955173313617706, -0.9509804248809814, -0.28520822525024414, -0.7055907845497131], [0.0, 0.0, 0.0, 1.0]], [[-0.15080519020557404, -0.3922767639160156, 0.9074012041091919, 0.011534718796610832], [-0.9720228910446167, 0.22604936361312866, -0.06382204592227936, 0.04883846640586853], [-0.18008150160312653, -0.8916394114494324, -0.4153914153575897, -0.7038496732711792], [0.0, 0.0, 0.0, 1.0]], [[-0.18558940291404724, -0.4935559332370758, 0.8496817946434021, 0.011516572907567024], [-0.9565011262893677, 0.2888105511665344, -0.041159287095069885, 0.050001323223114014], [-0.22508269548416138, -0.8203602433204651, -0.5256869792938232, -0.7020189762115479], [0.0, 0.0, 0.0, 1.0]], [[-0.23914259672164917, -0.5668736100196838, 0.7883305549621582, 0.011257179081439972], [-0.9267190098762512, 0.37559276819229126, -0.011041522026062012, 0.05054081976413727], [-0.28983211517333984, -0.7332014441490173, -0.6151527166366577, -0.7005476951599121], [0.0, 0.0, 0.0, 1.0]], [[-0.2830415368080139, -0.5979834794998169, 0.7498688101768494, 0.012037388049066067], [-0.8937788009643555, 0.4480641484260559, 0.019947990775108337, 0.051181405782699585], [-0.3479178249835968, -0.6645708084106445, -0.6612857580184937, -0.6998990774154663], [0.0, 0.0, 0.0, 1.0]], [[-0.31379157304763794, -0.6236786842346191, 0.7159327864646912, 0.012819853611290455], [-0.861839234828949, 0.5035133361816406, 0.060889288783073425, 0.0502590537071228], [-0.39845702052116394, -0.5979124307632446, -0.6955089569091797, -0.6997666954994202], [0.0, 0.0, 0.0, 1.0]], [[-0.34437140822410583, -0.6660305857658386, 0.6616734266281128, 0.014423169195652008], [-0.8344731330871582, 0.5400915741920471, 0.10934212803840637, 0.04868596792221069], [-0.4301893711090088, -0.5144943594932556, -0.741776704788208, -0.6994448304176331], [0.0, 0.0, 0.0, 1.0]], [[-0.4038557708263397, -0.6973821520805359, 0.5920799374580383, 0.016508443281054497], [-0.8092533349990845, 0.5741615891456604, 0.12428790330886841, 0.046475186944007874], [-0.42662566900253296, -0.4289482831954956, -0.7962372899055481, -0.6998080015182495], [0.0, 0.0, 0.0, 1.0]], [[-0.49203604459762573, -0.7142111659049988, 0.4977981448173523, 0.020004643127322197], [-0.7835760116577148, 0.6124866604804993, 0.10425359010696411, 0.04291659593582153], [-0.3793538212776184, -0.33876609802246094, -0.8610042333602905, -0.7005876302719116], [0.0, 0.0, 0.0, 1.0]], [[-0.5645145773887634, -0.719298779964447, 0.404885858297348, 0.021346433088183403], [-0.7495546936988831, 0.6521412134170532, 0.11348837614059448, 0.04223985970020294], [-0.34567487239837646, -0.23941823840141296, -0.9072970151901245, -0.7011274099349976], [0.0, 0.0, 0.0, 1.0]], [[-0.6100027561187744, -0.7216179966926575, 0.32735922932624817, 0.019120290875434875], [-0.7277560830116272, 0.6736295819282532, 0.12881875038146973, 0.042696937918663025], [-0.3134767413139343, -0.15965789556503296, -0.9360778331756592, -0.701291024684906], [0.0, 0.0, 0.0, 1.0]], [[-0.637466311454773, -0.7161121964454651, 0.28428876399993896, 0.017663735896348953], [-0.7131651639938354, 0.6880595684051514, 0.13405080139636993, 0.04144871234893799], [-0.2916030287742615, -0.11729200184345245, -0.9493209719657898, -0.7011215090751648], [0.0, 0.0, 0.0, 1.0]], [[-0.6399935483932495, -0.7253422141075134, 0.25354883074760437, 0.016943631693720818], [-0.7169240117073059, 0.682411789894104, 0.14259763062000275, 0.0400577187538147], [-0.2764567732810974, -0.09051370620727539, -0.9567544460296631, -0.7012876868247986], [0.0, 0.0, 0.0, 1.0]], [[-0.6319761276245117, -0.7458219528198242, 0.21060828864574432, 0.017650384455919266], [-0.7361102104187012, 0.6626747846603394, 0.13785500824451447, 0.038903772830963135], [-0.24238009750843048, -0.06790986657142639, -0.9678018093109131, -0.7003507018089294], [0.0, 0.0, 0.0, 1.0]], [[-0.6314530372619629, -0.763873815536499, 0.13328103721141815, 0.019585441797971725], [-0.7548261880874634, 0.644883930683136, 0.11984236538410187, 0.03889550268650055], [-0.17749527096748352, -0.024929195642471313, -0.9838058948516846, -0.699478030204773], [0.0, 0.0, 0.0, 1.0]], [[-0.6103485226631165, -0.7919735908508301, 0.015892140567302704, 0.022741567343473434], [-0.7875227928161621, 0.6088356375694275, 0.09553542733192444, 0.03978215157985687], [-0.08533720672130585, 0.04579446464776993, -0.995299220085144, -0.6984716057777405], [0.0, 0.0, 0.0, 1.0]], [[-0.572780966758728, -0.8089936971664429, -0.13210228085517883, 0.02709874138236046], [-0.8191832900047302, 0.5706996917724609, 0.05692669749259949, 0.040353015065193176], [0.029337376356124878, 0.14082247018814087, -0.9896001219749451, -0.6959621906280518], [0.0, 0.0, 0.0, 1.0]], [[-0.513270914554596, -0.8111886382102966, -0.28022500872612, 0.0318172387778759], [-0.8455010652542114, 0.5339655876159668, 0.0029416829347610474, 0.03980110585689545], [0.14724424481391907, 0.23844042420387268, -0.9599299430847168, -0.692470371723175], [0.0, 0.0, 0.0, 1.0]], [[-0.4561164677143097, -0.8080133199691772, -0.37292397022247314, 0.03688078373670578], [-0.8601214289665222, 0.5078017711639404, -0.04825395345687866, 0.03913971781730652], [0.22836127877235413, 0.29875046014785767, -0.9266063570976257, -0.6886157393455505], [0.0, 0.0, 0.0, 1.0]], [[-0.41267749667167664, -0.795292317867279, -0.44408056139945984, 0.04041832685470581], [-0.8676044940948486, 0.4916761517524719, -0.07427791506052017, 0.03836919367313385], [0.2774164080619812, 0.3546333909034729, -0.8929028511047363, -0.6858781576156616], [0.0, 0.0, 0.0, 1.0]], [[-0.3724866509437561, -0.7747268676757812, -0.510932445526123, 0.0407014936208725], [-0.8740219473838806, 0.4779408276081085, -0.08751079440116882, 0.03700260818004608], [0.3119924068450928, 0.41396957635879517, -0.8551549315452576, -0.6846287250518799], [0.0, 0.0, 0.0, 1.0]], [[-0.337