{"object_poses": [[[0.12807568907737732, 0.9210471510887146, 0.36778920888900757, 0.03243791311979294], [0.9776799082756042, -0.1795305758714676, 0.10913616418838501, 0.10819713771343231], [0.1665489226579666, 0.3456023931503296, -0.9234827160835266, -0.8369578719139099], [0.0, 0.0, 0.0, 1.0]], [[0.15361616015434265, 0.9382243752479553, 0.310060054063797, 0.031661346554756165], [0.9843501448631287, -0.17272159457206726, 0.03495948016643524, 0.11176419258117676], [0.08635388314723969, 0.29983729124069214, -0.9500741362571716, -0.8399956226348877], [0.0, 0.0, 0.0, 1.0]], [[0.22949959337711334, 0.9301411509513855, 0.28664836287498474, 0.031006114557385445], [0.9729442000389099, -0.22729817032814026, -0.04141278564929962, 0.11364324390888214], [0.026634931564331055, 0.28839707374572754, -0.957140326499939, -0.8425315618515015], [0.0, 0.0, 0.0, 1.0]], [[0.346749484539032, 0.8827092051506042, 0.3171580135822296, 0.029046373441815376], [0.9379305839538574, -0.3237406313419342, -0.12441142648458481, 0.11264754831790924], [-0.007142171263694763, 0.3406117558479309, -0.940176784992218, -0.8458175659179688], [0.0, 0.0, 0.0, 1.0]], [[0.44117358326911926, 0.8358911871910095, 0.32657590508461, 0.026227472350001335], [0.8972625136375427, -0.40399670600891113, -0.1780635118484497, 0.1113823801279068], [-0.016906172037124634, 0.3715812563896179, -0.9282464385032654, -0.8480687141418457], [0.0, 0.0, 0.0, 1.0]], [[0.46747222542762756, 0.810796856880188, 0.3522472381591797, 0.023144427686929703], [0.8828887939453125, -0.448257714509964, -0.13990157842636108, 0.1109866350889206], [0.044465795159339905, 0.37639522552490234, -0.9253914952278137, -0.8501487970352173], [0.0, 0.0, 0.0, 1.0]], [[0.44884413480758667, 0.7915154695510864, 0.4147797226905823, 0.020630665123462677], [0.8795874714851379, -0.4732307493686676, -0.04876880347728729, 0.10929647088050842], [0.15768525004386902, 0.38672471046447754, -0.908613920211792, -0.8516663312911987], [0.0, 0.0, 0.0, 1.0]], [[0.45519617199897766, 0.7540198564529419, 0.4735510051250458, 0.020255625247955322], [0.85576993227005, -0.5173553228378296, 0.001167595386505127, 0.11019653081893921], [0.24587446451187134, 0.40471917390823364, -0.8807656764984131, -0.8510962724685669], [0.0, 0.0, 0.0, 1.0]], [[0.5172098875045776, 0.7198802828788757, 0.4628891348838806, 0.019578393548727036], [0.8140039443969727, -0.580825924873352, -0.006234198808670044, 0.1106148213148117], [0.2643701434135437, 0.38001787662506104, -0.8863943815231323, -0.8500544428825378], [0.0, 0.0, 0.0, 1.0]], [[0.6204580068588257, 0.6857204437255859, 0.38055142760276794, 0.019065704196691513], [0.7558484077453613, -0.6522575616836548, -0.05703781545162201, 0.11172078549861908], [0.20910552144050598, 0.32302871346473694, -0.9229991436004639, -0.8470794558525085], [0.0, 0.0, 0.0, 1.0]], [[0.7203638553619385, 0.6216216683387756, 0.3076726794242859, 0.018662773072719574], [0.6763156056404114, -0.7279279828071594, -0.11277396231889725, 0.11318042874336243], [0.15386079251766205, 0.2893221378326416, -0.9447854161262512, -0.8449468612670898], [0.0, 0.0, 0.0, 1.0]], [[0.8027778267860413, 0.5347031354904175, 0.26389455795288086, 0.018470123410224915], [0.5845000743865967, -0.7931883931159973, -0.17091462016105652, 0.11452572047710419], [0.11792950332164764, 0.2914528250694275, -0.949288010597229, -0.8427956104278564], [0.0, 0.0, 0.0, 1.0]], [[0.8640090227127075, 0.4602539837360382, 0.2040950506925583, 0.019055578857660294], [0.49887749552726746, -0.8372862935066223, -0.2237696349620819, 0.1158708781003952], [0.06789513677358627, 0.29515740275382996, -0.9530332684516907, -0.8407856225967407], [0.0, 0.0, 0.0, 1.0]], [[0.9113291501998901, 0.39362362027168274, 0.1205802708864212, 0.020160548388957977], [0.4116259813308716, -0.8665727972984314, -0.28216245770454407, 0.11714604496955872], [-0.006574206054210663, 0.30677682161331177, -0.9517587423324585, -0.8386669158935547], [0.0, 0.0, 0.0, 1.0]], [[0.9371750950813293, 0.33952945470809937, 0.08014117926359177, 0.02052808739244938], [0.3468877673149109, -0.8825675845146179, -0.3174006938934326, 0.11767545342445374], [-0.03703686594963074, 0.3252600431442261, -0.9448989629745483, -0.8357858061790466], [0.0, 0.0, 0.0, 1.0]], [[0.9458706378936768, 0.31209298968315125, 0.08903207629919052, 0.019527701660990715], [0.3241840898990631, -0.895660936832428, -0.3044605553150177, 0.11696836352348328], [-0.015277467668056488, 0.31684309244155884, -0.948354959487915, -0.8333046436309814], [0.0, 0.0, 0.0, 1.0]], [[0.9442853927612305, 0.30152931809425354, 0.1319282054901123, 0.01894431561231613], [0.3275585472583771, -0.9000735282897949, -0.28735506534576416, 0.11580179631710052], [0.032099105417728424, 0.3145594298839569, -0.9486948847770691, -0.8312190771102905], [0.0, 0.0, 0.0, 1.0]], [[0.9430896639823914, 0.2950212061405182, 0.1534421592950821, 0.018916204571723938], [0.327445924282074, -0.9043208360671997, -0.2738303244113922, 0.11494047939777374], [0.05797521024942398, 0.3084905445575714, -0.9494590759277344, -0.8294405341148376], [0.0, 0.0, 0.0, 1.0]], [[0.9487506747245789, 0.2715822458267212, 0.16160282492637634, 0.018791045993566513], [0.3063744306564331, -0.9158357381820679, -0.25957614183425903, 0.11443784832954407], [0.07750536501407623, 0.29578396677970886, -0.9521055817604065, -0.8282167911529541], [0.0, 0.0, 0.0, 1.0]], [[0.9555373787879944, 0.23492294549942017, 0.17821206152439117, 0.018601922318339348], [0.2768806219100952, -0.9227007031440735, -0.2682547867298126, 0.11498425900936127], [0.10141715407371521, 0.30567091703414917, -0.9467206001281738, -0.8271388411521912], [0.0, 0.0, 0.0, 1.0]], [[0.956615686416626, 0.19974489510059357, 0.21210433542728424, 0.01756388694047928], [0.2529744803905487, -0.9305921196937561, -0.264579176902771, 0.11541755497455597], [0.14453428983688354, 0.3067576289176941, -0.9407494068145752, -0.8270773887634277], [0.0, 0.0, 0.0, 1.0]], [[0.9460920095443726, 0.18694736063480377, 0.2645007073879242, 0.016024991869926453], [0.2527701258659363, -0.9367638826370239, -0.24203434586524963, 0.11502794921398163], [0.20252706110477448, 0.2958446443080902, -0.9335195422172546, -0.8266384601593018], [0.0, 0.0, 0.0, 1.0]], [[0.9329660534858704, 0.16841623187065125, 0.31813573837280273, 0.014150603674352169], [0.24681901931762695, -0.942624032497406, -0.22481149435043335, 0.11446687579154968], [0.2620205283164978, 0.2882634401321411, -0.921004593372345, -0.825635552406311], [0.0, 0.0, 0.0, 1.0]], [[0.9290124177932739, 0.07913480699062347, 0.36148783564567566, 0.012742995284497738], [0.17896908521652222, -0.9511044025421143, -0.25173479318618774, 0.11556355655193329], [0.32389166951179504, 0.29855993390083313, -0.8977505564689636, -0.8235500454902649], [0.0, 0.0, 0.0, 1.0]], [[0.8979972004890442, -0.06966355443000793, 0.4344516098499298, 0.010445121675729752], [0.07049962878227234, -0.9518498778343201, -0.29834792017936707, 0.11731888353824615], [0.4343166947364807, 0.2985442280769348, -0.8498472571372986, -0.8234052062034607], [0.0, 0.0, 0.0, 1.0]], [[0.833618700504303, -0.2023986428976059, 0.5139209628105164, 0.008427701890468597], [-0.003969259560108185, -0.9326134920120239, -0.3608548641204834, 0.11874780058860779], [0.5523261427879333, 0.29877543449401855, -0.7782474160194397, -0.8244321346282959], [0.0, 0.0, 0.0, 1.0]], [[0.7707825303077698, -0.267653226852417, 0.5781489014625549, 0.0068548740819096565], [-0.044181592762470245, -0.9277431964874268, -0.37059497833251953, 0.11888258159160614], [0.6355645656585693, 0.26010459661483765, -0.726913571357727, -0.8255918025970459], [0.0, 0.0, 0.0, 1.0]], [[0.7500694394111633, -0.28703945875167847, 0.595822274684906, 0.004239030182361603], [-0.06864753365516663, -0.9298298954963684, -0.36152970790863037, 0.11824816465377808], [0.6577867269515991, 0.230270653963089, -0.7171415090560913, -0.8252502083778381], [0.0, 0.0, 0.0, 1.0]], [[0.7488096356391907, -0.3649527430534363, 0.5532574653625488, 0.0020753107964992523], [-0.13956007361412048, -0.9028516411781311, -0.406671941280365, 0.1174021065235138], [0.6479252576828003, 0.22730717062950134, -0.726996898651123, -0.8236283659934998], [0.0, 0.0, 0.0, 1.0]], [[0.7401599287986755, -0.46068352460861206, 0.4898306131362915, 0.0014685173518955708], [-0.22501613199710846, -0.8561381697654724, -0.4651830196380615, 0.11660845577716827], [0.6336647868156433, 0.23409005999565125, -0.7373403906822205, -0.8224716782569885], [0.0, 0.0, 0.0, 1.0]], [[0.7245477437973022, -0.532671332359314, 0.437369167804718, -0.0004757591523230076], [-0.28892481327056885, -0.81087327003479, -0.5089272260665894, 0.11639107763767242], [0.6257419586181641, 0.24237526953220367, -0.7414184212684631, -0.8217156529426575], [0.0, 0.0, 0.0, 1.0]], [[0.7041777968406677, -0.5705564022064209, 0.4226098656654358, -0.001703081652522087], [-0.3147270083427429, -0.7843611240386963, -0.5345320701599121, 0.11487410962581635], [0.6364594101905823, 0.24339887499809265, -0.7318991422653198, -0.8206742405891418], [0.0, 0.0, 0.0, 1.0]], [[0.6804861426353455, -0.5786746144294739, 0.4495268166065216, -0.002206969540566206], [-0.30841368436813354, -0.7826693654060364, -0.5406567454338074, 0.11296698451042175], [0.6646952033042908, 0.2292691171169281, -0.7110668420791626, -0.8187428116798401], [0.0, 0.0, 0.0, 1.0]], [[0.6293426752090454, -0.6325585246086121, 0.45143935084342957, -0.003925553057342768], [-0.33067798614501953, -0.7436692714691162, -0.5810405611991882, 0.11100202798843384], [0.7032637000083923, 0.21639257669448853, -0.6771960258483887, -0.816984236240387], [0.0, 0.0, 0.0, 1.0]], [[0.5693119168281555, -0.7084409594535828, 0.4171276092529297, -0.00452636182308197], [-0.384639710187912, -0.6779507398605347, -0.6264463663101196, 0.11035037040710449], [0.7265921831130981, 0.19619953632354736, -0.6584599614143372, -0.8165957927703857], [0.0, 0.0, 0.0, 1.0]], [[0.5302754044532776, -0.7641762495040894, 0.3672092854976654, -0.00568161066621542], [-0.4642530679702759, -0.6241335272789001, -0.6284317374229431, 0.1099809855222702], [0.7094202041625977, 0.16276386380195618, -0.6857337951660156, -0.8164046406745911], [0.0, 0.0, 0.0, 1.0]], [[0.4793871343135834, -0.8348090052604675, 0.2707063555717468, -0.004790330305695534], [-0.5340550541877747, -0.5222711563110352, -0.6648443937301636, 0.10840694606304169], [0.6964002251625061, 0.17414575815200806, -0.6962040066719055, -0.8169748187065125], [0.0, 0.0, 0.0, 1.0]], [[0.43322885036468506, -0.8857020139694214, 0.16686750948429108, -0.004486116115003824], [-0.5661001801490784, -0.4114744961261749, -0.714296281337738, 0.10984070599079132], [0.7013153433799744, 0.21498998999595642, -0.6796587705612183, -0.8196213841438293], [0.0, 0.0, 0.0, 1.0]], [[0.3960212469100952, -0.9165554046630859, 0.05561763048171997, -0.00484895845875144], [-0.5734480619430542, -0.29416999220848083, -0.7646054029464722, 0.10858157277107239], [0.7171642780303955, 0.27090612053871155, -0.6420944929122925, -0.8218613266944885], [0.0, 0.0, 0.0, 1.0]], [[0.3674289286136627, -0.9282130002975464, -0.0584520548582077, -0.003302566707134247], [-0.5518701076507568, -0.1670043170452118, -0.8170367479324341, 0.10682445764541626], [0.7486223578453064, 0.33246082067489624, -0.5736152529716492, -0.823158323764801], [0.0, 0.0, 0.0, 1.0]], [[0.31914496421813965, -0.9395318627357483, -0.12420371174812317, -0.0012043151073157787], [-0.5658655166625977, -0.08378386497497559, -0.8202295899391174, 0.10744428634643555], [0.7602254152297974, 0.3320547342300415, -0.5583878755569458, -0.8257837891578674], [0.0, 0.0, 0.0, 1.0]], [[0.2537315785884857, -0.9572829604148865, -0.1386711448431015, -0.0002298089675605297], [-0.5925569534301758, -0.0405191034078598, -0.8045089244842529, 0.10661749541759491], [0.7645237445831299, 0.28629982471466064, -0.5775256156921387, -0.8260347247123718], [0.0, 0.0, 0.0, 1.0]], [[0.13784167170524597, -0.9787545800209045, -0.15178650617599487, 0.0013022338971495628], [-0.6855566501617432, 0.016324255615472794, -0.7278362512588501, 0.10581079125404358], [0.714850902557373, 0.20438440144062042, -0.6687415242195129, -0.8227643966674805], [0.0, 0.0, 0.0, 1.0]], [[0.013651017099618912, -0.9847024083137512, -0.1737094521522522, 0.003912973217666149], [-0.7762885689735413, 0.09906032681465149, -0.622545599937439, 0.10552603006362915], [0.6302297711372375, 0.14334708452224731, -0.7630609273910522, -0.8206042647361755], [0.0, 0.0, 0.0, 1.0]], [[-0.08451663702726364, -0.977385401725769, -0.19384199380874634, 0.005405638366937637], [-0.8052037954330444, 0.18158568441867828, -0.5645116567611694, 0.1048099547624588], [0.5869443416595459, 0.10837171971797943, -0.8023414015769958, -0.820096492767334], [0.0, 0.0, 0.0, 1.0]], [[-0.10989530384540558, -0.9684287309646606, -0.22376056015491486, 0.006285432260483503], [-0.7777082324028015, 0.2239685207605362, -0.5873737335205078, 0.10494360327720642], [0.6189448833465576, 0.10947084426879883, -0.7777681350708008, -0.8188697099685669], [0.0, 0.0, 0.0, 1.0]], [[-0.12116778641939163, -0.9647549390792847, -0.23359455168247223, 0.0062365480698645115], [-0.7285997271537781, 0.24626152217388153, -0.6391383409500122, 0.10545901954174042], [0.6741371750831604, 0.09275394678115845, -0.7327591180801392, -0.8173760771751404], [0.0, 0.0, 0.0, 1.0]], [[-0.1469331979751587, -0.9638220071792603, -0.22239120304584503, 0.006994455121457577], [-0.6971113681793213, 0.26040709018707275, -0.6679999232292175, 0.10579460859298706], [0.7017452716827393, 0.05688008666038513, -0.7101536989212036, -0.8171572089195251], [0.0, 0.0, 0.0, 1.0]], [[-0.2137940227985382, -0.9539464712142944, -0.21042387187480927, 0.008634515106678009], [-0.6949703693389893, 0.2999058663845062, -0.6535079479217529, 0.10526014864444733], [0.6865190267562866, 0.006522245705127716, -0.7270826101303101, -0.8173953890800476], [0.0, 0.0, 0.0, 1.0]], [[-0.304165780544281, -0.930182695388794, -0.20553159713745117, 0.013117557391524315], [-0.6987298727035522, 0.36449572443962097, -0.6155642867088318, 0.1055896133184433], [0.6475026607513428, -0.043622538447380066, -0.7608135342597961, -0.8171247839927673], [0.0, 0.0, 0.0, 1.0]], [[-0.39120692014694214, -0.8981162905693054, -0.20085881650447845, 0.016084592789411545], [-0.664556086063385, 0.42666617035865784, -0.6134502291679382, 0.10452267527580261], [0.6366492509841919, -0.10650405287742615, -0.763763427734375, -0.8173131942749023], [0.0, 0.0, 0.0, 1.0]], [[-0.4181149899959564, -0.8974902033805847, -0.1403256356716156, 0.01556958258152008], [-0.6371054649353027, 0.3998395502567291, -0.6589574217796326, 0.10369826853275299], [0.6475154757499695, -0.18611781299114227, -0.7389748096466064, -0.8187415599822998], [0.0, 0.0, 0.0, 1.0]], [[-0.43898460268974304, -0.8983626365661621, 0.015402648597955704, 0.013080697506666183], [-0.6627541780471802, 0.3121844530105591, -0.6806599497795105, 0.10476510226726532], [0.6066709160804749, -0.3090073764324188, -0.732437789440155, -0.8161700963973999], [0.0, 0.0, 0.0, 1.0]], [[-0.46431392431259155, -0.8746265172958374, 0.13943152129650116, 0.010172609239816666], [-0.6892840266227722, 0.257995069026947, -0.6769978404045105, 0.1044166088104248], [0.556147575378418, -0.41044747829437256, -0.7226566672325134, -0.8140850067138672], [0.0, 0.0, 0.0, 1.0]], [[-0.49105414748191833, -0.8462395071983337, 0.20674744248390198, 0.008182654157280922], [-0.7129373550415039, 0.2540183663368225, -0.6536014676094055, 0.1041315495967865], [0.5005857944488525, -0.46835169196128845, -0.7280524969100952, -0.8116732239723206], [0.0, 0.0, 0.0, 1.0]], [[-0.5315674543380737, -0.8125305771827698, 0.23922838270664215, 0.007144284434616566], [-0.7192330360412598, 0.28382158279418945, -0.6341522932052612, 0.10315422713756561], [0.4473699629306793, -0.5091556310653687, -0.7352691292762756, -0.8084341287612915], [0.0, 0.0, 0.0, 1.0]], [[-0.5782535672187805, -0.7596790790557861, 0.29750704765319824, 0.005981425289064646], [-0.7456311583518982, 0.3440812826156616, -0.5706506371498108, 0.09973660111427307], [0.3311447501182556, -0.5518113374710083, -0.7654066681861877, -0.8047946095466614], [0.0, 0.0, 0.0, 1.0]], [[-0.5847130417823792, -0.7085738778114319, 0.3950110673904419, 0.006954859010875225], [-0.7901847958564758, 0.3872435688972473, -0.47502660751342773, 0.09795299172401428], [0.1836259663105011, -0.5898860096931458, -0.7863306403160095, -0.8035575151443481], [0.0, 0.0, 0.0, 1.0]], [[-0.5430210828781128, -0.6553826928138733, 0.5249778628349304, 0.009476017206907272], [-0.8391268253326416, 0.4000399112701416, -0.36855703592300415, 0.09480364620685577], [0.03153380751609802, -0.6406571269035339, -0.7671793699264526, -0.8048796057701111], [0.0, 0.0, 0.0, 1.0]], [[-0.5121504068374634, -0.6390330195426941, 0.5738803148269653, 0.013692636974155903], [-0.8587742447853088, 0.39223042130470276, -0.3296390175819397, 0.09444192051887512], [-0.014443069696426392, -0.661658525466919, -0.7496660947799683, -0.8058921098709106], [0.0, 0.0, 0.0, 1.0]], [[-0.5031545758247375, -0.644731879234314, 0.5754616856575012, 0.016081303358078003], [-0.8641237616539001, 0.36671683192253113, -0.3446864187717438, 0.09608548879623413], [0.011198833584785461, -0.6707007884979248, -0.7416434288024902, -0.8047683835029602], [0.0, 0.0, 0.0, 1.0]], [[-0.5187361240386963, -0.6137529015541077, 0.5951641201972961, 0.017317380756139755], [-0.8539478778839111, 0.3385346233844757, -0.3951801359653473, 0.09727013111114502], [0.041059285402297974, -0.7132333517074585, -0.6997231245040894, -0.8036249279975891], [0.0, 0.0, 0.0, 1.0]], [[-0.5247575044631958, -0.576122522354126, 0.6266677975654602, 0.01733451895415783], [-0.8497465252876282, 0.3107638359069824, -0.42586007714271545, 0.09863625466823578], [0.050601840019226074, -0.755981981754303, -0.6526337265968323, -0.8039934635162354], [0.0, 0.0, 0.0, 1.0]], [[-0.5222988128662109, -0.5609191656112671, 0.6423191428184509, 0.018034188076853752], [-0.8493134379386902, 0.27448442578315735, -0.4509158134460449, 0.10002131760120392], [0.07662071287631989, -0.7810429930686951, -0.6197590231895447, -0.806631326675415], [0.0, 0.0, 0.0, 1.0]], [[-0.5219990015029907, -0.574403703212738, 0.6305375695228577, 0.020012257620692253], [-0.8449891805648804, 0.24751268327236176, -0.47405797243118286, 0.10240170359611511], [0.11623460054397583, -0.7802550196647644, -0.6145663261413574, -0.8108224272727966], [0.0, 0.0, 0.0, 1.0]], [[-0.5126171708106995, -0.6177268624305725, 0.5963534116744995, 0.020062999799847603], [-0.8410980105400085, 0.2216852456331253, -0.4933658540248871, 0.10616552829742432], [0.17256250977516174, -0.7544994354248047, -0.6332085132598877, -0.8154175281524658], [0.0, 0.0, 0.0, 1.0]], [[-0.5008220076560974, -0.6564542055130005, 0.5641323328018188, 0.018421899527311325], [-0.8391785621643066, 0.20860357582569122, -0.5022587776184082, 0.107430100440979], [0.2120298445224762, -0.7249500751495361, -0.6553555130958557, -0.8166934847831726], [0.0, 0.0, 0.0, 1.0]], [[-0.49398738145828247, -0.6950143575668335, 0.5224284529685974, 0.018451955169439316], [-0.8334142565727234, 0.20726189017295837, -0.512311577796936, 0.10671648383140564], [0.24778437614440918, -0.6884747743606567, -0.6816196441650391, -0.8156040906906128], [0.0, 0.0, 0.0, 1.0]], [[-0.5010316371917725, -0.7142087817192078, 0.4887467324733734, 0.02004195936024189], [-0.8230464458465576, 0.21866773068904877, -0.5241937041282654, 0.10647949576377869], [0.2675105929374695, -0.6648987531661987, -0.6973863840103149, -0.8165825605392456], [0.0, 0.0, 0.0, 1.0]], [[-0.49391698837280273, -0.7259264588356018, 0.4786198139190674, 0.018186936154961586], [-0.8213207721710205, 0.20880126953125, -0.5308805704116821, 0.1070144772529602], [0.2854437828063965, -0.6553112268447876, -0.6993489861488342, -0.815796434879303], [0.0, 0.0, 0.0, 1.0]], [[-0.5597230195999146, -0.7181071043014526, 0.41356053948402405, 0.01742515340447426], [-0.7883511185646057, 0.3076416850090027, -0.5327843427658081, 0.10774250328540802], [0.2553677558898926, -0.6242426037788391, -0.7383146286010742, -0.8112170100212097], [0.0, 0.0, 0.0, 1.0]], [[-0.6711097359657288, -0.6898810863494873, 0.2714328169822693, 0.018501093611121178], [-0.6980326771736145, 0.46468454599380493, -0.5448106527328491, 0.10837848484516144], [0.2497239112854004, -0.5550966858863831, -0.7934138774871826, -0.8073261976242065], [0.0, 0.0, 0.0, 1.0]], [[-0.7797573208808899, -0.6140263676643372, 0.1222706064581871, 0.019262246787548065], [-0.55629563331604, 0.589897632598877, -0.5852828025817871, 0.10776013135910034], [0.28725188970565796, -0.5243971943855286, -0.8015571236610413, -0.8046436309814453], [0.0, 0.0, 0.0, 1.0]], [[-0.8730074167251587, -0.48543301224708557, -0.04704216867685318, 0.018286727368831635], [-0.3728458285331726, 0.7264703512191772, -0.5772579908370972, 0.10787633061408997], [0.31439483165740967, -0.4864110052585602, -0.8152056336402893, -0.8026821613311768], [0.0, 0.0, 0.0, 1.0]], [[-0.9451196193695068, -0.2998175323009491, -0.12984028458595276, 0.01649228297173977], [-0.18757493793964386, 0.8232972621917725, -0.5357213616371155, 0.10843570530414581], [0.26751577854156494, -0.48196595907211304, -0.8343526721000671, -0.8041424751281738], [0.0, 0.0, 0.0, 1.0]], [[-0.9794432520866394, -0.18341553211212158, -0.08396214246749878, 0.014415580779314041], [-0.11372481286525726, 0.8458576798439026, -0.5211445093154907, 0.10670118033885956], [0.16660600900650024, -0.5008828639984131, -0.8493284583091736, -0.8062360882759094], [0.0, 0.0, 0.0, 1.0]], [[-0.9871675968170166, -0.15749479830265045, -0.026373522356152534, 0.013164868578314781], [-0.11867640912532806, 0.8340718150138855, -0.5387393236160278, 0.10401669144630432], [0.10684603452682495, -0.5286961197853088, -0.8420596122741699, -0.8081927299499512], [0.0, 0.0, 0.0, 1.0]], [[-0.9812501668930054, -0.19199582934379578, -0.01690490171313286, 0.012037176638841629], [-0.1527596414089203, 0.8281992077827454, -0.5392128229141235, 0.1019437164068222], [0.11752726137638092, -0.526520311832428, -0.841999888420105, -0.806454062461853], [0.0, 0.0, 0.0, 1.0]], [[-0.9728009700775146, -0.2232847809791565, -0.061662063002586365, 0.011562956497073174], [-0.15944534540176392, 0.8385416865348816, -0.5209847092628479, 0.1017460972070694], [0.168034166097641, -0.4969826638698578, -0.8513359427452087, -0.8046258687973022], [0.0, 0.0, 0.0, 1.0]], [[-0.9670899510383606, -0.24964238703250885, -0.04914995655417442, 0.009829260408878326], [-0.19398653507232666, 0.8484407067298889, -0.492460697889328, 0.10120287537574768], [0.1646399050951004, -0.4667193293571472, -0.8689457774162292, -0.805191159248352], [0.0, 0.0, 0.0, 1.0]], [[-0.9641109704971313, -0.2606107294559479, 0.0507177971303463, 0.008760075084865093], [-0.2517818212509155, 0.8368490934371948, -0.4860961437225342, 0.10072353482246399], [0.08423871546983719, -0.4814203679561615, -0.8724324703216553, -0.8080267310142517], [0.0, 0.0, 0.0, 1.0]], [[-0.9581294655799866, -0.2535853385925293, 0.1329749971628189, 0.008731137961149216], [-0.28631356358528137, 0.8427621126174927, -0.4558250904083252, 0.10089185833930969], [0.0035242587327957153, -0.47481197118759155, -0.8800802230834961, -0.8104761242866516], [0.0, 0.0, 0.0, 1.0]], [[-0.9616549611091614, -0.23007026314735413, 0.14928966760635376, 0.008754820562899113], [-0.2716563642024994, 0.8738954067230225, -0.4031248986721039, 0.10220533609390259], [-0.03771650791168213, -0.42822253704071045, -0.902885913848877, -0.8120036721229553], [0.0, 0.0, 0.0, 1.0]], [[-0.9760808944702148, -0.163108229637146, 0.14374198019504547, 0.009317686781287193], [-0.20287707448005676, 0.9210078716278076, -0.3325435221195221, 0.10279619693756104], [-0.07814693450927734, -0.3537513315677643, -0.9320691823959351, -0.8121417760848999], [0.0, 0.0, 0.0, 1.0]], [[-0.9910640716552734, -0.04639466479420662, 0.1250588744878769, 0.008282576687633991], [-0.07014580816030502, 0.9787277579307556, -0.19279907643795013, 0.10435812175273895], [-0.11345373839139938, -0.19984854757785797, -0.9732362627983093, -0.8102819919586182], [0.0, 0.0, 0.0, 1.0]], [[-0.9859434962272644, 0.08462482690811157, 0.14406268298625946, 0.007872287184000015], [0.08358097821474075, 0.9964123368263245, -0.01329338550567627, 0.10663087666034698], [-0.1446707844734192, -0.0010656267404556274, -0.9894793033599854, -0.8095565438270569], [0.0, 0.0, 0.0, 1.0]], [[-0.9679148197174072, 0.1724514365196228, 0.18276047706604004, 0.007727708201855421], [0.19032207131385803, 0.9780259728431702, 0.08510348200798035, 0.10945795476436615], [-0.1640683114528656, 0.11715628206729889, -0.9794671535491943, -0.8086636066436768], [0.0, 0.0, 0.0, 1.0]], [[-0.9502586722373962, 0.21825189888477325, 0.22220389544963837, 0.00421076500788331], [0.2488119900226593, 0.9610816836357117, 0.12006020545959473, 0.10947814583778381], [-0.1873527616262436, 0.1693752259016037, -0.9675799012184143, -0.8083180785179138], [0.0, 0.0, 0.0, 1.0]], [[-0.9094462990760803, 0.27741143107414246, 0.3097587823867798, 0.0026418864727020264], [0.33517372608184814, 0.929938793182373, 0.1512364149093628, 0.11062654852867126], [-0.246101975440979, 0.24136441946029663, -0.9387103915214539, -0.805706799030304], [0.0, 0.0, 0.0, 1.0]], [[-0.8265298008918762, 0.358233779668808, 0.4341854751110077, 0.0028686760924756527], [0.4725012183189392, 0.8607653379440308, 0.18927641212940216, 0.11092174053192139], [-0.3059266209602356, 0.3615957498550415, -0.8807141184806824, -0.8030756115913391], [0.0, 0.0, 0.0, 1.0]], [[-0.7156544327735901, 0.39487922191619873, 0.5761156678199768, 0.0004916447214782238], [0.6053498983383179, 0.762127161026001, 0.22959472239017487, 0.10915982723236084], [-0.3484111726284027, 0.5130619406700134, -0.7844598293304443, -0.8018506765365601], [0.0, 0.0, 0.0, 1.0]], [[-0.6136248707771301, 0.3803544044494629, 0.691950261592865, -0.0005343589000403881], [0.6989538669586182, 0.6693296432495117, 0.2519155740737915, 0.10749594867229462], [-0.3673255443572998, 0.6382229328155518, -0.6765674352645874, -0.8016267418861389], [0.0, 0.0, 0.0, 1.0]], [[-0.5744830965995789, 0.3450886905193329, 0.742215096950531, 0.0011362340301275253], [0.7300056219100952, 0.6261523962020874, 0.2739068865776062, 0.10689856112003326], [-0.37021753191947937, 0.6991759538650513, -0.6116306185722351, -0.8024622201919556], [0.0, 0.0, 0.0, 1.0]], [[-0.6039224863052368, 0.3265773355960846, 0.7270660400390625, 0.0048866574652493], [0.7135803699493408, 0.6279192566871643, 0.3106773793697357, 0.1058996319770813], [-0.35507863759994507, 0.7064449787139893, -0.612253725528717, -0.801065981388092], [0.0, 0.0, 0.0, 1.0]], [[-0.6578579545021057, 0.35389813780784607, 0.6648152470588684, 0.005932233761996031], [0.6868258118629456, 0.6440929174423218, 0.33677101135253906, 0.10197816789150238], [-0.30902010202407837, 0.6781595945358276, -0.6667879819869995, -0.7984734773635864], [0.0, 0.0, 0.0, 1.0]], [[-0.6671236157417297, 0.3995165526866913, 0.6287549138069153, 0.007704405579715967], [0.7025042772293091, 0.6182194948196411, 0.3525512218475342, 0.10119681060314178], [-0.2478584498167038, 0.6768982410430908, -0.6930908560752869, -0.7966433763504028], [0.0, 0.0, 0.0, 1.0]], [[-0.6086976528167725, 0.4454227685928345, 0.6565711498260498, 0.010200025513768196], [0.7697442173957825, 0.5321166515350342, 0.35262686014175415, 0.10123515129089355], [-0.19230441749095917, 0.7200349569320679, -0.666759729385376, -0.7959271669387817], [0.0, 0.0, 0.0, 1.0]], [[-0.5671621561050415, 0.4728860557079315, 0.6743188500404358, 0.011059314012527466], [0.8045194745063782, 0.49333885312080383, 0.330704003572464, 0.100160151720047], [-0.1762823760509491, 0.7300654053688049, -0.6602491140365601, -0.7954591512680054], [0.0, 0.0, 0.0, 1.0]], [[-0.5283892750740051, 0.47406625747680664, 0.7043195962905884, 0.011534363031387329], [0.8312602639198303, 0.45758676528930664, 0.31562745571136475, 0.0977330356836319], [-0.1726589947938919, 0.7522470951080322, -0.6358563899993896, -0.7939175963401794], [0.0, 0.0, 0.0, 1.0]], [[-0.47443920373916626, 0.4651457369327545, 0.7473599910736084, 0.012528473511338234], [0.8639984726905823, 0.4086279273033142, 0.2941597104072571, 0.09736952185630798], [-0.168565034866333, 0.7852786779403687, -0.5957543253898621, -0.7937273383140564], [0.0, 0.0, 0.0, 1.0]], [[-0.44454917311668396, 0.46344152092933655, 0.7665494084358215, 0.013072280213236809], [0.8801735043525696, 0.3849155902862549, 0.2777310013771057, 0.09634196758270264], [-0.1663447618484497, 0.7981615662574768, -0.5790228247642517, -0.7934841513633728], [0.0, 0.0, 0.0, 1.0]], [[-0.41850584745407104, 0.45606890320777893, 0.7854004502296448, 0.013484513387084007], [0.8929131031036377, 0.3646849989891052, 0.2640281915664673, 0.09520897269248962], [-0.16600871086120605, 0.8117918372154236, -0.5598527193069458, -0.7920501232147217], [0.0, 0.0, 0.0, 1.0]], [[-0.368604451417923, 0.4362863004207611, 0.8208441138267517, 0.013698214665055275], [0.925142228603363, 0.25841158628463745, 0.27809202671051025, 0.09473617374897003], [-0.0907878577709198, 0.8619035482406616, -0.4988785982131958, -0.7918397188186646], [0.0, 0.0, 0.0, 1.0]], [[-0.2894759476184845, 0.3925848603248596, 0.8729724884033203, 0.01485928799957037], [0.9540542364120483, 0.04463043808937073, 0.296291708946228, 0.09283170104026794], [0.07735848426818848, 0.9186322689056396, -0.3874666690826416, -0.7905640006065369], [0.0, 0.0, 0.0, 1.0]], [[-0.21165072917938232, 0.3191370368003845, 0.923772394657135, 0.015369707718491554], [0.9328619241714478, -0.21594277024269104, 0.28833532333374023, 0.08761799335479736], [0.2915004789829254, 0.9227784872055054, -0.2520063519477844, -0.7894425988197327], [0.0, 0.0, 0.0, 1.0]], [[-0.17450477182865143, 0.3037697374820709, 0.9366281032562256, 0.015693746507167816], [0.8880742192268372, -0.36229580640792847, 0.28295937180519104, 0.0857841819524765], [0.4252908229827881, 0.8811728954315186, -0.20654773712158203, -0.7882411479949951], [0.0, 0.0, 0.0, 1.0]], [[-0.1710710972547531, 0.35804253816604614, 0.9178999066352844, 0.015169231221079826], [0.878052830696106, -0.36721405386924744, 0.3068828582763672, 0.08651036024093628], [0.44694286584854126, 0.8584632873535156, -0.2515605390071869, -0.788044273853302], [0.0, 0.0, 0.0, 1.0]], [[-0.16251489520072937, 0.39748871326446533, 0.9031012058258057, 0.01472435798496008], [0.893850564956665, -0.3283143639564514, 0.30535370111465454, 0.08800345659255981], [0.41787582635879517, 0.8568618893623352, -0.3019395172595978, -0.7876331210136414], [0.0, 0.0, 0.0, 1.0]], [[-0.1354670375585556, 0.3840477168560028, 0.9133215546607971, 0.013587838038802147], [0.8920718431472778, -0.35382530093193054, 0.28109726309776306, 0.08794143795967102], [0.4311109781265259, 0.8528277277946472, -0.29466646909713745, -0.78777676820755], [0.0, 0.0, 0.0, 1.0]], [[-0.08949555456638336, 0.334842324256897, 0.9380145072937012, 0.012845782563090324], [0.8421659469604492, -0.4773658514022827, 0.25075554847717285, 0.08781062066555023], [0.5317395925521851, 0.8124054074287415, -0.2392706573009491, -0.7881209254264832], [0.0, 0.0, 0.0, 1.0]], [[-0.04622416943311691, 0.31142663955688477, 0.9491451978683472, 0.012761159799993038], [0.7948678731918335, -0.5640138983726501, 0.2237708866596222, 0.0868358314037323], [0.6050193309783936, 0.7647886872291565, -0.22147195041179657, -0.7886883020401001], [0.0, 0.0, 0.0, 1.0]], [[-0.03301185742020607, 0.3393786549568176, 0.9400703310966492, 0.012502138502895832], [0.7847888469696045, -0.5736266374588013, 0.2346462458372116, 0.0863942950963974], [0.6188834309577942, 0.7455028295516968, -0.24740412831306458, -0.7895290851593018], [0.0, 0.0, 0.0, 1.0]], [[-0.029040846973657608, 0.3731119632720947, 0.927331805229187, 0.0118826013058424], [0.7751809358596802, -0.5773001313209534, 0.25655269622802734, 0.08695368468761444], [0.6310714483261108, 0.7263004183769226, -0.27246397733688354, -0.7884414792060852], [0.0, 0.0, 0.0, 1.0]], [[-0.028471827507019043, 0.34964776039123535, 0.9364485740661621, 0.00976245291531086], [0.7310454845428467, -0.631643533706665, 0.2580675184726715, 0.08415542542934418], [0.6817344427108765, 0.6919341683387756, -0.23762434720993042, -0.7858317494392395], [0.0, 0.0, 0.0, 1.0]], [[-0.048805657774209976, 0.28182294964790344, 0.9582242369651794, 0.00614647613838315], [0.6453557014465332, -0.723321259021759, 0.24560590088367462, 0.08087277412414551], [0.7623213529586792, 0.6303825378417969, -0.14657390117645264, -0.7863360047340393], [0.0, 0.0, 0.0, 1.0]], [[-0.1004091277718544, 0.21095862984657288, 0.9723242521286011, 0.003382248803973198], [0.5350370407104492, -0.8124831318855286, 0.23153072595596313, 0.08008801937103271], [0.8388404846191406, 0.5434771776199341, -0.0312899574637413, -0.7873696684837341], [0.0, 0.0, 0.0, 1.0]], [[-0.12845858931541443, 0.17994342744350433, 0.9752533435821533, 0.0003311820328235626], [0.4785165786743164, -0.8501024842262268, 0.21988126635551453, 0.07922416925430298], [0.8686313033103943, 0.4949204921722412, 0.023097015917301178, -0.7855870723724365], [0.0, 0.0, 0.0, 1.0]], [[-0.14775750041007996, 0.1537601202726364, 0.9769982695579529, -0.002818673849105835], [0.448869913816452, -0.8698172569274902, 0.204777330160141, 0.07807004451751709], [0.8812964558601379, 0.4688025116920471, 0.059503763914108276, -0.7839093208312988], [0.0, 0.0, 0.0, 1.0]], [[-0.1668638288974762, 0.07840967178344727, 0.9828574061393738, -0.005404937081038952], [0.3921307325363159, -0.909329354763031, 0.13911749422550201, 0.07845143973827362], [0.9046491384506226, 0.40862220525741577, 0.12098734825849533, -0.7874302268028259], [0.0, 0.0, 0.0, 1.0]], [[-0.24552536010742188, -0.05123087763786316, 0.9680356383323669, -0.006986901164054871], [0.30856043100357056, -0.9507942199707031, 0.027942541986703873, 0.08128219842910767], [0.918971061706543, 0.3055580258369446, 0.24925188720226288, -0.7931567430496216], [0.0, 0.0, 0.0, 1.0]], [[-0.3643653094768524, -0.14239703118801117, 0.9203048348426819, -0.007102722302079201], [0.278546541929245, -0.9596625566482544, -0.03820514306426048, 0.08412033319473267], [0.8886223435401917, 0.24242709577083588, 0.3893319368362427, -0.8001458644866943], [0.0, 0.0, 0.0, 1.0]], [[-0.44721248745918274, -0.18968650698661804, 0.8740823268890381, -0.007754515390843153], [0.3048705756664276, -0.9510587453842163, -0.050408393144607544, 0.08428998291492462], [0.8408656120300293, 0.24393871426582336, 0.48315516114234924, -0.8052740693092346], [0.0, 0.0, 0.0, 1.0]], [[-0.49955815076828003, -0.22290366888046265, 0.8371115326881409, -0.008802460506558418], [0.32396888732910156, -0.9442815780639648, -0.05810756981372833, 0.08343881368637085], [0.8034211993217468, 0.24216997623443604, 0.5439373850822449, -0.8089686036109924], [0.0, 0.0, 0.0, 1.0]], [[-0.5238820910453796, -0.2555692493915558, 0.8125466704368591, -0.00783495046198368], [0.3331560492515564, -0.9394141435623169, -0.08067336678504944, 0.08456863462924957], [0.7839354276657104, 0.2284415066242218, 0.5772866606712341, -0.8112640976905823], [0.0, 0.0, 0.0, 1.0]], [[-0.5509964227676392, -0.29751890897750854, 0.7796701192855835, -0.005387341603636742], [0.35100722312927246, -0.9302482604980469, -0.10692053288221359, 0.08561000227928162], [0.7570977210998535, 0.21475699543952942, 0.6169947385787964, -0.81318199634552], [0.0, 0.0, 0.0, 1.0]], [[-0.5650901794433594, -0.30632197856903076, 0.7660548090934753, -0.0035886988043785095], [0.37518513202667236, -0.9223665595054626, -0.09206606447696686, 0.08455802500247955], [0.7347850799560547, 0.23538674414157867, 0.6361477375030518, -0.8145532608032227], [0.0, 0.0, 0.0, 1.0]], [[-0.5170333385467529, -0.304383248090744, 0.8000173568725586, -0.0028008748777210712], [0.3287026286125183, -0.9335803985595703, -0.14276695251464844, 0.08477549254894257], [0.7903361916542053, 0.18915250897407532, 0.5827437043190002, -0.8148284554481506], [0.0, 0.0, 0.0, 1.0]], [[-0.4014066159725189, -0.3169153034687042, 0.8593237400054932, -0.0036127930507063866], [0.18174779415130615, -0.947132408618927, -0.2644009292125702, 0.08884520828723907], [0.8976861834526062, 0.05004788935184479, 0.4377838969230652, -0.8151096701622009], [0.0, 0.0, 0.0, 1.0]], [[-0.24105292558670044, -0.3531346619129181, 0.903985321521759, -0.00490942457690835], [-0.08661782741546631, -0.919906735420227, -0.3824514150619507, 0.09355399012565613], [0.9666389226913452, -0.17049221694469452, 0.1911584436893463, -0.8165237903594971], [0.0, 0.0, 0.0, 1.0]], [[-0.0816582515835762, -0.40959757566452026, 0.9086043238639832, -0.006424765568226576], [-0.3161352276802063, -0.853926956653595, -0.4133608639240265, 0.09525468945503235], [0.9451932907104492, -0.32099616527557373, -0.05975803732872009, -0.8176850080490112], [0.0, 0.0, 0.0, 1.0]], [[0.013312888331711292, -0.47937989234924316, 0.8775065541267395, -0.006009805481880903], [-0.46689343452453613, -0.7790207862854004, -0.41849392652511597, 0.09844550490379333], [0.884213387966156, -0.40413060784339905, -0.23419031500816345, -0.8164148926734924], [0.0, 0.0, 0.0, 1.0]], [[0.0261654332280159, -0.572884202003479, 0.8192185759544373, -0.004011751618236303], [-0.5592881441116333, -0.687626302242279, -0.4629976749420166, 0.10413414239883423], [0.8285603523254395, -0.4460645616054535, -0.33839938044548035, -0.8161994814872742], [0.0, 0.0, 0.0, 1.0]], [[-0.04670572280883789, -0.6964436769485474, 0.7160900831222534, -0.002163343131542206], [-0.6164023876190186, -0.5440154075622559, -0.569293737411499, 0.107985720038414], [0.7860449552536011, -0.46798890829086304, -0.40388089418411255, -0.8191530108451843], [0.0, 0.0, 0.0, 1.0]], [[-0.14028412103652954, -0.7780759930610657, 0.6123056411743164, -0.00030200695618987083], [-0.6621905565261841, -0.38602790236473083, -0.6422508358955383, 0.10903453826904297], [0.7360869646072388, -0.49556055665016174, -0.4610808789730072, -0.8213686347007751], [0.0, 0.0, 0.0, 1.0]], [[-0.23459084331989288, -0.8110784888267517, 0.5358348488807678, 0.001410298515111208], [-0.6966534852981567, -0.24416258931159973, -0.6745802760124207, 0.10846686363220215], [0.6779682636260986, -0.5315415263175964, -0.5077624320983887, -0.8206548690795898], [0.0, 0.0, 0.0, 1.0]], [[-0.31217578053474426, -0.8157944083213806, 0.4868530035018921, 0.003847681451588869], [-0.7273737192153931, -0.12441124022006989, -0.6748698353767395, 0.10732519626617432], [0.6111249327659607, -0.5648021697998047, -0.5545491576194763, -0.8203644752502441], [0.0, 0.0, 0.0, 1.0]], [[-0.3752715289592743, -0.8078721761703491, 0.45443806052207947, 0.004675077740103006], [-0.7633245587348938, -0.008779570460319519, -0.645955502986908, 0.10538136959075928], [0.5258392095565796, -0.5892924070358276, -0.613373875617981, -0.8218168616294861], [0.0, 0.0, 0.0, 1.0]], [[-0.39261674880981445, -0.7953903079032898, 0.46174269914627075, 0.0037665944546461105], [-0.7918525338172913, 0.036988504230976105, -0.6095911264419556, 0.10181906819343567], [0.46778368949890137, -0.6049678325653076, -0.6443542242050171, -0.8230652213096619], [0.0, 0.0, 0.0, 1.0]], [[-0.39463314414024353, -0.7812111973762512, 0.4837084114551544, 0.002311812248080969], [-0.8144644498825073, 0.05371904373168945, -0.5777214169502258, 0.09934893250465393], [0.4253380298614502, -0.6219512224197388, -0.6574680805206299, -0.8248062133789062], [0.0, 0.0, 0.0, 1.0]], [[-0.39752352237701416, -0.7875381112098694, 0.4709126949310303, 0.002427890431135893], [-0.8427038788795471, 0.11026843637228012, -0.5269640684127808, 0.09737102687358856], [0.36307746171951294, -0.6063204407691956, -0.7074957489967346, -0.8233972191810608], [0.0, 0.0, 0.0, 1.0]], [[-0.3879703879356384, -0.7798845171928406, 0.49118152260780334, 0.0007944032549858093], [-0.8723394274711609, 0.13869893550872803, -0.468813955783844, 0.09531077742576599], [0.2974943518638611, -0.6103628873825073, -0.7341351509094238, -0.8221168518066406], [0.0, 0.0, 0.0, 1.0]], [[-0.3912663161754608, -0.7553727030754089, 0.525664210319519, -0.0008150963112711906], [-0.8924422860145569, 0.17201852798461914, -0.41708090901374817, 0.09313881397247314], [0.2246275097131729, -0.6323146224021912, -0.7414315938949585, -0.8197942972183228], [0.0, 0.0, 0.0, 1.0]], [[-0.40629881620407104, -0.7132574319839478, 0.5711262822151184, -0.0012926887720823288], [-0.901482164